region_code,region_name,municipality_code,municipality_name,piece,group,x,y
01,Stockholms län,0114,Upplands Väsby,1,0.1,665733.991573708,6599286.11707069
01,Stockholms län,0114,Upplands Väsby,1,0.1,664503.537104118,6598352.35044614
01,Stockholms län,0114,Upplands Väsby,1,0.1,663096.385262596,6598467.25883902
01,Stockholms län,0114,Upplands Väsby,1,0.1,662865.227695368,6597494.62198247
01,Stockholms län,0114,Upplands Väsby,1,0.1,660757.502021705,6596513.22418883
01,Stockholms län,0114,Upplands Väsby,1,0.1,660952.2692954,6598920.16491014
01,Stockholms län,0114,Upplands Väsby,1,0.1,658860.331737893,6599769.62449563
01,Stockholms län,0114,Upplands Väsby,1,0.1,659191.865265579,6600792.47078606
01,Stockholms län,0114,Upplands Väsby,1,0.1,660052.935688245,6601762.73896329
01,Stockholms län,0114,Upplands Väsby,1,0.1,660170.829148958,6602511.04000146
01,Stockholms län,0114,Upplands Väsby,1,0.1,659001.131335374,6604233.5314624105
01,Stockholms län,0114,Upplands Väsby,1,0.1,658567.76176069,6605506.04028372
01,Stockholms län,0114,Upplands Väsby,1,0.1,658708.587426074,6607412.40910335
01,Stockholms län,0114,Upplands Väsby,1,0.1,661248.173982517,6606997.32258683
01,Stockholms län,0114,Upplands Väsby,1,0.1,661797.179503903,6606248.11675366
01,Stockholms län,0114,Upplands Väsby,1,0.1,662941.984762965,6605835.09259029
01,Stockholms län,0114,Upplands Väsby,1,0.1,665465.883931323,6606466.62808616
01,Stockholms län,0114,Upplands Väsby,1,0.1,667501.395728518,6606313.36414635
01,Stockholms län,0114,Upplands Väsby,1,0.1,668405.317991169,6606636.28137066
01,Stockholms län,0114,Upplands Väsby,1,0.1,668721.392586069,6606049.22798518
01,Stockholms län,0114,Upplands Väsby,1,0.1,668233.454494567,6605227.44332195
01,Stockholms län,0114,Upplands Väsby,1,0.1,670615.695483604,6602455.81859865
01,Stockholms län,0114,Upplands Väsby,1,0.1,670977.078508501,6601595.35424812
01,Stockholms län,0114,Upplands Väsby,1,0.1,670970.858396491,6600872.39731769
01,Stockholms län,0114,Upplands Väsby,1,0.1,669325.830712846,6599166.7265146
01,Stockholms län,0114,Upplands Väsby,1,0.1,670051.045110809,6597407.81958019
01,Stockholms län,0114,Upplands Väsby,1,0.1,669813.591326493,6595800.2011633
01,Stockholms län,0114,Upplands Väsby,1,0.1,668814.377735286,6595914.06214413
01,Stockholms län,0114,Upplands Väsby,1,0.1,667894.703596028,6596476.80980152
01,Stockholms län,0114,Upplands Väsby,1,0.1,667978.07819472,6597598.63661252
01,Stockholms län,0114,Upplands Väsby,1,0.1,667133.862095548,6598535.23557594
01,Stockholms län,0114,Upplands Väsby,1,0.1,666358.70749749,6598723.79510563
01,Stockholms län,0114,Upplands Väsby,1,0.1,665733.991573708,6599286.11707069
01,Stockholms län,0115,Vallentuna,1,1.1,682862.772792104,6601051.69292344
01,Stockholms län,0115,Vallentuna,1,1.1,682001.143810927,6600043.38600553
01,Stockholms län,0115,Vallentuna,1,1.1,681225.439064193,6600193.95303098
01,Stockholms län,0115,Vallentuna,1,1.1,679892.701520384,6600271.76569424
01,Stockholms län,0115,Vallentuna,1,1.1,678926.567670679,6600048.07841896
01,Stockholms län,0115,Vallentuna,1,1.1,677955.981598679,6599202.43311376
01,Stockholms län,0115,Vallentuna,1,1.1,676514.701286439,6599491.89430455
01,Stockholms län,0115,Vallentuna,1,1.1,675709.199298865,6600614.94587287
01,Stockholms län,0115,Vallentuna,1,1.1,674633.53141418,6600354.93305002
01,Stockholms län,0115,Vallentuna,1,1.1,673192.659487773,6600693.39252916
01,Stockholms län,0115,Vallentuna,1,1.1,670970.858396491,6600872.39731769
01,Stockholms län,0115,Vallentuna,1,1.1,670977.078508501,6601595.35424812
01,Stockholms län,0115,Vallentuna,1,1.1,670615.695483604,6602455.81859865
01,Stockholms län,0115,Vallentuna,1,1.1,668233.454494567,6605227.44332195
01,Stockholms län,0115,Vallentuna,1,1.1,668721.392586069,6606049.22798518
01,Stockholms län,0115,Vallentuna,1,1.1,668405.317991169,6606636.28137066
01,Stockholms län,0115,Vallentuna,1,1.1,669732.157277883,6607207.30366512
01,Stockholms län,0115,Vallentuna,1,1.1,670513.502430379,6607579.73023589
01,Stockholms län,0115,Vallentuna,1,1.1,670038.402379584,6608253.8460297
01,Stockholms län,0115,Vallentuna,1,1.1,670306.638721758,6609300.92745592
01,Stockholms län,0115,Vallentuna,1,1.1,670397.9099627,6611170.72282689
01,Stockholms län,0115,Vallentuna,1,1.1,669982.890969626,6614388.13685181
01,Stockholms län,0115,Vallentuna,1,1.1,671611.022718373,6614272.93775248
01,Stockholms län,0115,Vallentuna,1,1.1,672354.828326898,6614607.92810962
01,Stockholms län,0115,Vallentuna,1,1.1,674394.348468441,6614866.66862382
01,Stockholms län,0115,Vallentuna,1,1.1,674746.753341942,6616885.61478027
01,Stockholms län,0115,Vallentuna,1,1.1,675462.924306095,6618343.08691371
01,Stockholms län,0115,Vallentuna,1,1.1,676283.996085902,6618901.97437015
01,Stockholms län,0115,Vallentuna,1,1.1,675956.859385584,6619575.89687032
01,Stockholms län,0115,Vallentuna,1,1.1,677144.442229353,6619923.27699901
01,Stockholms län,0115,Vallentuna,1,1.1,678143.899502259,6619872.43036362
01,Stockholms län,0115,Vallentuna,1,1.1,678582.394137617,6619085.88817548
01,Stockholms län,0115,Vallentuna,1,1.1,678722.475978627,6618336.70544528
01,Stockholms län,0115,Vallentuna,1,1.1,679426.922106856,6618373.26500251
01,Stockholms län,0115,Vallentuna,1,1.1,680024.385297083,6618821.45493185
01,Stockholms län,0115,Vallentuna,1,1.1,682688.116489051,6618479.89620305
01,Stockholms län,0115,Vallentuna,1,1.1,685264.583041299,6620794.86092831
01,Stockholms län,0115,Vallentuna,1,1.1,685666.264630052,6620157.84580928
01,Stockholms län,0115,Vallentuna,1,1.1,687265.875180771,6620828.18939869
01,Stockholms län,0115,Vallentuna,1,1.1,688728.78211046,6618844.26708404
01,Stockholms län,0115,Vallentuna,1,1.1,690720.886855559,6617906.61755598
01,Stockholms län,0115,Vallentuna,1,1.1,690898.409785712,6617120.89173926
01,Stockholms län,0115,Vallentuna,1,1.1,690503.105024841,6614353.49228304
01,Stockholms län,0115,Vallentuna,1,1.1,691090.28879877494,6613754.71204787
01,Stockholms län,0115,Vallentuna,1,1.1,691481.53237537,6611919.73271341
01,Stockholms län,0115,Vallentuna,1,1.1,692919.616152883,6611319.28623462
01,Stockholms län,0115,Vallentuna,1,1.1,693648.328571394,6609935.33534519
01,Stockholms län,0115,Vallentuna,1,1.1,694089.181432973,6608212.93511983
01,Stockholms län,0115,Vallentuna,1,1.1,692810.318571869,6607393.52160039
01,Stockholms län,0115,Vallentuna,1,1.1,691216.336802668,6607246.18503892
01,Stockholms län,0115,Vallentuna,1,1.1,691245.328266391,6606422.65522528
01,Stockholms län,0115,Vallentuna,1,1.1,690981.615635199,6605825.53842601
01,Stockholms län,0115,Vallentuna,1,1.1,690128.633499256,6605752.18686185
01,Stockholms län,0115,Vallentuna,1,1.1,689648.875489795,6605902.34318841
01,Stockholms län,0115,Vallentuna,1,1.1,688230.132149597,6604745.28986917
01,Stockholms län,0115,Vallentuna,1,1.1,688187.852355811,6604109.86589362
01,Stockholms län,0115,Vallentuna,1,1.1,684954.349181964,6602955.79043422
01,Stockholms län,0115,Vallentuna,1,1.1,684650.929825772,6602170.21931585
01,Stockholms län,0115,Vallentuna,1,1.1,683974.815717133,6601199.16812295
01,Stockholms län,0115,Vallentuna,1,1.1,682862.772792104,6601051.69292344
01,Stockholms län,0138,Tyresö,1,10.1,690227.59580697,6563751.46438686
01,Stockholms län,0138,Tyresö,1,10.1,689310.591177573,6564837.21007062
01,Stockholms län,0138,Tyresö,1,10.1,688391.103900161,6565549.98601362
01,Stockholms län,0138,Tyresö,1,10.1,687845.701557744,6566747.21594308
01,Stockholms län,0138,Tyresö,1,10.1,686044.727726114,6568172.21981656
01,Stockholms län,0138,Tyresö,1,10.1,684499.252398088,6569222.35381394
01,Stockholms län,0138,Tyresö,1,10.1,683088.608388924,6568962.32293963
01,Stockholms län,0138,Tyresö,1,10.1,681440.195172745,6568191.50112667
01,Stockholms län,0138,Tyresö,1,10.1,680707.616616864,6570562.26401274
01,Stockholms län,0138,Tyresö,1,10.1,681324.745898228,6570460.74885437
01,Stockholms län,0138,Tyresö,1,10.1,682034.498926228,6571133.24192709
01,Stockholms län,0138,Tyresö,1,10.1,682150.794554114,6571768.54631169
01,Stockholms län,0138,Tyresö,1,10.1,681832.764676041,6572105.64445665
01,Stockholms län,0138,Tyresö,1,10.1,684389.873099088,6573634.37298146
01,Stockholms län,0138,Tyresö,1,10.1,685090.755511574,6573221.91342301
01,Stockholms län,0138,Tyresö,1,10.1,686093.548664659,6573557.0001554
01,Stockholms län,0138,Tyresö,1,10.1,687463.732577386,6573442.6126588
01,Stockholms län,0138,Tyresö,1,10.1,690519.246521097,6571380.89814785
01,Stockholms län,0138,Tyresö,1,10.1,691544.615450855,6570181.47580212
01,Stockholms län,0138,Tyresö,1,10.1,692394.128956578,6569880.80252464
01,Stockholms län,0138,Tyresö,1,10.1,693281.282827594,6569692.55795796
01,Stockholms län,0138,Tyresö,1,10.1,694339.3258625,6567858.6194176
01,Stockholms län,0138,Tyresö,1,10.1,693924.987245938,6567147.70518821
01,Stockholms län,0138,Tyresö,1,10.1,692769.172594728,6566401.8241477
01,Stockholms län,0138,Tyresö,1,10.1,692276.061273194,6565094.04248779
01,Stockholms län,0138,Tyresö,1,10.1,693084.610575191,6564294.93607295
01,Stockholms län,0138,Tyresö,1,10.1,692340.071912264,6563934.98156749
01,Stockholms län,0138,Tyresö,1,10.1,691407.886813849,6563299.804078
01,Stockholms län,0138,Tyresö,1,10.1,690227.59580697,6563751.46438686
12,Skåne län,1260,Bjuv,1,100.1,374235.562149365,6205844.96516997
12,Skåne län,1260,Bjuv,1,100.1,371879.647668433,6205686.5374838
12,Skåne län,1260,Bjuv,1,100.1,368965.333637859,6210212.10801837
12,Skåne län,1260,Bjuv,1,100.1,371273.804935308,6211179.56731643
12,Skåne län,1260,Bjuv,1,100.1,370211.818638718,6214307.5055282
12,Skåne län,1260,Bjuv,1,100.1,368320.126317492,6220268.23668895
12,Skåne län,1260,Bjuv,1,100.1,372683.072695938,6222299.19466502
12,Skåne län,1260,Bjuv,1,100.1,374182.519801178,6221339.24229948
12,Skåne län,1260,Bjuv,1,100.1,376341.339725813,6220915.70362978
12,Skåne län,1260,Bjuv,1,100.1,379482.783447047,6216633.65577533
12,Skåne län,1260,Bjuv,1,100.1,376664.642742767,6212834.69599266
12,Skåne län,1260,Bjuv,1,100.1,377137.350977584,6207959.74680888
12,Skåne län,1260,Bjuv,1,100.1,374235.562149365,6205844.96516997
12,Skåne län,1261,Kävlinge,1,101.1,375653.125718281,6180091.98831426
12,Skåne län,1261,Kävlinge,1,101.1,374237.759515609,6177266.9907661
12,Skåne län,1261,Kävlinge,1,101.1,372675.138506777,6177218.82230953
12,Skåne län,1261,Kävlinge,1,101.1,371620.468556872,6177582.35420547
12,Skåne län,1261,Kävlinge,1,101.1,372358.070056973,6178871.26051607
12,Skåne län,1261,Kävlinge,1,101.1,371624.53585291,6180409.90839658
12,Skåne län,1261,Kävlinge,1,101.1,369836.888984184,6179602.51150754
12,Skåne län,1261,Kävlinge,1,101.1,368810.813165867,6181201.71997849
12,Skåne län,1261,Kävlinge,1,101.1,369780.988493018,6182430.36122689
12,Skåne län,1261,Kävlinge,1,101.1,370561.792063585,6183012.14690069
12,Skåne län,1261,Kävlinge,1,101.1,370090.779916434,6188698.65207761
12,Skåne län,1261,Kävlinge,1,101.1,376114.510806051,6188792.80601014
12,Skåne län,1261,Kävlinge,1,101.1,377757.827528722,6190922.85190469
12,Skåne län,1261,Kävlinge,1,101.1,383265.958458337,6189723.68369657
12,Skåne län,1261,Kävlinge,1,101.1,387993.237106356,6189921.68766799
12,Skåne län,1261,Kävlinge,1,101.1,389125.195262429,6187730.99298184
12,Skåne län,1261,Kävlinge,1,101.1,387979.930391768,6184370.34738655
12,Skåne län,1261,Kävlinge,1,101.1,383583.825382781,6183971.33973268
12,Skåne län,1261,Kävlinge,1,101.1,382958.645565868,6179635.28739073
12,Skåne län,1261,Kävlinge,1,101.1,381782.295576862,6179803.50881617
12,Skåne län,1261,Kävlinge,1,101.1,379820.038246574,6179054.04631491
12,Skåne län,1261,Kävlinge,1,101.1,377959.719727096,6180366.70634302
12,Skåne län,1261,Kävlinge,1,101.1,375653.125718281,6180091.98831426
12,Skåne län,1262,Lomma,1,102.1,375653.125718281,6180091.98831426
12,Skåne län,1262,Lomma,1,102.1,377959.719727096,6180366.70634302
12,Skåne län,1262,Lomma,1,102.1,379820.038246574,6179054.04631491
12,Skåne län,1262,Lomma,1,102.1,381782.295576862,6179803.50881617
12,Skåne län,1262,Lomma,1,102.1,382958.645565868,6179635.28739073
12,Skåne län,1262,Lomma,1,102.1,382488.937945082,6176968.19478442
12,Skåne län,1262,Lomma,1,102.1,381401.105695008,6175799.1369238
12,Skåne län,1262,Lomma,1,102.1,381573.841001469,6174697.72203312
12,Skåne län,1262,Lomma,1,102.1,381178.876495616,6173680.64488331
12,Skåne län,1262,Lomma,1,102.1,381865.571506992,6172731.12405059
12,Skåne län,1262,Lomma,1,102.1,381670.501328781,6170081.2271133
12,Skåne län,1262,Lomma,1,102.1,380749.511719208,6170207.45040162
12,Skåne län,1262,Lomma,1,102.1,380208.213084934,6169741.39623047
12,Skåne län,1262,Lomma,1,102.1,380307.76915272,6168914.98198308
12,Skåne län,1262,Lomma,1,102.1,377465.317986368,6168479.1451161
12,Skåne län,1262,Lomma,1,102.1,377395.034376723,6169280.91766147
12,Skåne län,1262,Lomma,1,102.1,378330.906371565,6171570.60522957
12,Skåne län,1262,Lomma,1,102.1,378290.643005083,6172454.67196272
12,Skåne län,1262,Lomma,1,102.1,377514.918310803,6174700.47731587
12,Skåne län,1262,Lomma,1,102.1,376467.813202562,6175357.94443265
12,Skåne län,1262,Lomma,1,102.1,374237.759515609,6177266.9907661
12,Skåne län,1262,Lomma,1,102.1,375653.125718281,6180091.98831426
12,Skåne län,1263,Svedala,1,103.1,393098.481327127,6149182.67105704
12,Skåne län,1263,Svedala,1,103.1,391765.042073667,6150312.62290369
12,Skåne län,1263,Svedala,1,103.1,389611.638696867,6148976.31548418
12,Skåne län,1263,Svedala,1,103.1,388616.93106046,6149339.57863356
12,Skåne län,1263,Svedala,1,103.1,388762.841187708,6150633.6137003
12,Skåne län,1263,Svedala,1,103.1,387344.787609439,6150528.20999726
12,Skåne län,1263,Svedala,1,103.1,386849.296920827,6149471.99912247
12,Skåne län,1263,Svedala,1,103.1,383990.644102033,6150085.51050392
12,Skåne län,1263,Svedala,1,103.1,384339.973519763,6150731.22771493
12,Skåne län,1263,Svedala,1,103.1,382515.986068706,6150982.92842262
12,Skåne län,1263,Svedala,1,103.1,380441.428605843,6155085.7085113
12,Skåne län,1263,Svedala,1,103.1,382312.839583717,6157033.43998274
12,Skåne län,1263,Svedala,1,103.1,381330.791498375,6158889.07125426
12,Skåne län,1263,Svedala,1,103.1,383182.700717615,6159933.04611683
12,Skåne län,1263,Svedala,1,103.1,383201.469009908,6163566.39232789
12,Skåne län,1263,Svedala,1,103.1,385682.8309834,6163683.17286672
12,Skåne län,1263,Svedala,1,103.1,386360.798816922,6165032.36834047
12,Skåne län,1263,Svedala,1,103.1,388771.930673226,6164657.58481952
12,Skåne län,1263,Svedala,1,103.1,390325.017901615,6165528.20133385
12,Skåne län,1263,Svedala,1,103.1,391555.635423316,6165163.68989669
12,Skåne län,1263,Svedala,1,103.1,393133.267707132,6163578.83019148
12,Skåne län,1263,Svedala,1,103.1,395494.313182951,6158136.99687908
12,Skåne län,1263,Svedala,1,103.1,397196.694062624,6158633.52571047
12,Skåne län,1263,Svedala,1,103.1,398542.809604318,6155380.77885659
12,Skåne län,1263,Svedala,1,103.1,402160.906898432,6154615.17222703
12,Skåne län,1263,Svedala,1,103.1,401102.957147916,6153708.32872589
12,Skåne län,1263,Svedala,1,103.1,399948.192324667,6152186.67549476
12,Skåne län,1263,Svedala,1,103.1,397822.865350866,6149376.40377956
12,Skåne län,1263,Svedala,1,103.1,393098.481327127,6149182.67105704
12,Skåne län,1264,Skurup,1,104.1,402096.242153018,6150023.67933949
12,Skåne län,1264,Skurup,1,104.1,402160.906898432,6154615.17222703
12,Skåne län,1264,Skurup,1,104.1,403669.656640697,6154486.75161909
12,Skåne län,1264,Skurup,1,104.1,404664.89849651,6156835.15929075
12,Skåne län,1264,Skurup,1,104.1,405084.840888151,6159835.56774576
12,Skåne län,1264,Skurup,1,104.1,406600.28048481,6160594.80819641
12,Skåne län,1264,Skurup,1,104.1,409033.383825051,6156438.08898778
12,Skåne län,1264,Skurup,1,104.1,414689.268047806,6154405.74154439
12,Skåne län,1264,Skurup,1,104.1,414792.892110133,6148747.63682588
12,Skåne län,1264,Skurup,1,104.1,412662.700454112,6145749.3619441
12,Skåne län,1264,Skurup,1,104.1,414468.646799614,6142488.8663133
12,Skåne län,1264,Skurup,1,104.1,410892.047284616,6138117.49924729
12,Skåne län,1264,Skurup,1,104.1,403988.566529409,6138362.36107628
12,Skåne län,1264,Skurup,1,104.1,403510.320587931,6141940.0565749
12,Skåne län,1264,Skurup,1,104.1,401532.748794533,6143194.50529646
12,Skåne län,1264,Skurup,1,104.1,402881.885366222,6145538.99777767
12,Skåne län,1264,Skurup,1,104.1,403362.161564772,6148598.06805618
12,Skåne län,1264,Skurup,1,104.1,402096.242153018,6150023.67933949
12,Skåne län,1265,Sjöbo,1,105.1,412113.904051472,6168313.16525472
12,Skåne län,1265,Sjöbo,1,105.1,412800.104485939,6170073.30284571
12,Skåne län,1265,Sjöbo,1,105.1,409545.611803837,6173430.83394963
12,Skåne län,1265,Sjöbo,1,105.1,412738.002830277,6178421.59507793
12,Skåne län,1265,Sjöbo,1,105.1,415839.38197719,6176801.46304871
12,Skåne län,1265,Sjöbo,1,105.1,417817.759650817,6178406.7269044
12,Skåne län,1265,Sjöbo,1,105.1,421604.198235964,6178216.89077319
12,Skåne län,1265,Sjöbo,1,105.1,421029.352861624,6180288.23931248
12,Skåne län,1265,Sjöbo,1,105.1,423446.37618164,6182250.46403746
12,Skåne län,1265,Sjöbo,1,105.1,429262.741262323,6180443.01975385
12,Skåne län,1265,Sjöbo,1,105.1,431768.459931904,6178908.8948227
12,Skåne län,1265,Sjöbo,1,105.1,430571.24234312703,6175881.33027025
12,Skåne län,1265,Sjöbo,1,105.1,435096.504096901,6169578.83213631
12,Skåne län,1265,Sjöbo,1,105.1,435544.262268353,6166314.50763426
12,Skåne län,1265,Sjöbo,1,105.1,431017.643543215,6161553.05432258
12,Skåne län,1265,Sjöbo,1,105.1,428858.706637925,6161976.7741686
12,Skåne län,1265,Sjöbo,1,105.1,428019.578306634,6159180.31074447
12,Skåne län,1265,Sjöbo,1,105.1,425208.387277307,6159739.39760299
12,Skåne län,1265,Sjöbo,1,105.1,422901.725130076,6156960.90102763
12,Skåne län,1265,Sjöbo,1,105.1,419909.892078315,6155258.95250645
12,Skåne län,1265,Sjöbo,1,105.1,414689.268047806,6154405.74154439
12,Skåne län,1265,Sjöbo,1,105.1,409033.383825051,6156438.08898778
12,Skåne län,1265,Sjöbo,1,105.1,406600.28048481,6160594.80819641
12,Skåne län,1265,Sjöbo,1,105.1,408114.750673284,6166169.7002607
12,Skåne län,1265,Sjöbo,1,105.1,411661.637753101,6166548.75197537
12,Skåne län,1265,Sjöbo,1,105.1,412113.904051472,6168313.16525472
12,Skåne län,1266,Hörby,1,106.1,415839.38197719,6176801.46304871
12,Skåne län,1266,Hörby,1,106.1,412738.002830277,6178421.59507793
12,Skåne län,1266,Hörby,1,106.1,411272.915689775,6180894.35785098
12,Skåne län,1266,Hörby,1,106.1,413864.289166397,6184447.83088865
12,Skåne län,1266,Hörby,1,106.1,413839.526752055,6186059.78314198
12,Skåne län,1266,Hörby,1,106.1,410603.19024792,6185792.20796371
12,Skåne län,1266,Hörby,1,106.1,409491.741161399,6187850.26628716
12,Skåne län,1266,Hörby,1,106.1,408895.287866743,6192204.21121671
12,Skåne län,1266,Hörby,1,106.1,410452.543363889,6195462.80963702
12,Skåne län,1266,Hörby,1,106.1,412758.03321156,6198241.36683502
12,Skåne län,1266,Hörby,1,106.1,412665.094667175,6201067.93725479
12,Skåne län,1266,Hörby,1,106.1,414165.636673644,6202588.72333622
12,Skåne län,1266,Hörby,1,106.1,418804.481121298,6202243.02855534
12,Skåne län,1266,Hörby,1,106.1,421478.411583248,6201027.79210385
12,Skåne län,1266,Hörby,1,106.1,426041.940245966,6195057.79211936
12,Skåne län,1266,Hörby,1,106.1,430019.338487676,6198468.61545222
12,Skåne län,1266,Hörby,1,106.1,431894.48054556,6197269.027165
12,Skåne län,1266,Hörby,1,106.1,432542.607532526,6192172.89479562
12,Skåne län,1266,Hörby,1,106.1,430107.006779017,6188200.31575066
12,Skåne län,1266,Hörby,1,106.1,431807.751677714,6185409.39818737
12,Skåne län,1266,Hörby,1,106.1,434273.22422697,6185959.86346414
12,Skåne län,1266,Hörby,1,106.1,434576.638393203,6182306.05033334
12,Skåne län,1266,Hörby,1,106.1,431768.459931904,6178908.8948227
12,Skåne län,1266,Hörby,1,106.1,429262.741262323,6180443.01975385
12,Skåne län,1266,Hörby,1,106.1,423446.37618164,6182250.46403746
12,Skåne län,1266,Hörby,1,106.1,421029.352861624,6180288.23931248
12,Skåne län,1266,Hörby,1,106.1,421604.198235964,6178216.89077319
12,Skåne län,1266,Hörby,1,106.1,417817.759650817,6178406.7269044
12,Skåne län,1266,Hörby,1,106.1,415839.38197719,6176801.46304871
12,Skåne län,1267,Höör,1,107.1,401155.377595134,6187371.35721905
12,Skåne län,1267,Höör,1,107.1,401810.702484154,6189718.84157166
12,Skåne län,1267,Höör,1,107.1,401557.893545564,6194773.41682005
12,Skåne län,1267,Höör,1,107.1,404044.948038473,6195522.05614759
12,Skåne län,1267,Höör,1,107.1,402409.239202942,6198909.31326043
12,Skåne län,1267,Höör,1,107.1,399277.185736566,6201445.52171915
12,Skåne län,1267,Höör,1,107.1,399778.662024522,6204211.01821135
12,Skåne län,1267,Höör,1,107.1,398316.303470722,6208585.78202256
12,Skåne län,1267,Höör,1,107.1,403049.9864848,6208499.10538557
12,Skåne län,1267,Höör,1,107.1,403659.781320384,6212258.39626941
12,Skåne län,1267,Höör,1,107.1,406189.163208519,6213404.39788952
12,Skåne län,1267,Höör,1,107.1,407244.25595334,6216433.26241556
12,Skåne län,1267,Höör,1,107.1,410607.007290754,6217172.21236244
12,Skåne län,1267,Höör,1,107.1,411406.908208991,6213468.33270784
12,Skåne län,1267,Höör,1,107.1,416650.501318364,6211920.32031904
12,Skåne län,1267,Höör,1,107.1,415959.16207346,6205555.25538919
12,Skåne län,1267,Höör,1,107.1,414165.636673644,6202588.72333622
12,Skåne län,1267,Höör,1,107.1,412665.094667175,6201067.93725479
12,Skåne län,1267,Höör,1,107.1,412758.03321156,6198241.36683502
12,Skåne län,1267,Höör,1,107.1,410452.543363889,6195462.80963702
12,Skåne län,1267,Höör,1,107.1,408895.287866743,6192204.21121671
12,Skåne län,1267,Höör,1,107.1,409491.741161399,6187850.26628716
12,Skåne län,1267,Höör,1,107.1,407496.921501696,6186716.5648364
12,Skåne län,1267,Höör,1,107.1,407151.159985563,6183534.08554922
12,Skåne län,1267,Höör,1,107.1,403716.724245919,6183285.19697526
12,Skåne län,1267,Höör,1,107.1,401155.377595134,6187371.35721905
12,Skåne län,1270,Tomelilla,1,108.1,440125.189394888,6179726.79715594
12,Skåne län,1270,Tomelilla,1,108.1,441093.336158469,6181739.1783
12,Skåne län,1270,Tomelilla,1,108.1,443089.787050201,6181280.6242138
12,Skåne län,1270,Tomelilla,1,108.1,443766.590577988,6179640.22328084
12,Skåne län,1270,Tomelilla,1,108.1,443859.916073451,6177203.38092471
12,Skåne län,1270,Tomelilla,1,108.1,446307.852016547,6175827.46890283
12,Skåne län,1270,Tomelilla,1,108.1,442423.894724159,6173563.27403744
12,Skåne län,1270,Tomelilla,1,108.1,441677.753613273,6166380.77574784
12,Skåne län,1270,Tomelilla,1,108.1,447785.769817238,6165030.36172479
12,Skåne län,1270,Tomelilla,1,108.1,448577.809917165,6160780.40641542
12,Skåne län,1270,Tomelilla,1,108.1,445614.324834269,6160158.25136706
12,Skåne län,1270,Tomelilla,1,108.1,444881.212298278,6153564.6344505
12,Skåne län,1270,Tomelilla,1,108.1,442981.429274854,6149568.34492697
12,Skåne län,1270,Tomelilla,1,108.1,438371.286245844,6149929.68574315
12,Skåne län,1270,Tomelilla,1,108.1,435578.536557664,6148206.06085665
12,Skåne län,1270,Tomelilla,1,108.1,430616.807692735,6152340.60483894
12,Skåne län,1270,Tomelilla,1,108.1,430678.833610297,6154748.22142731
12,Skåne län,1270,Tomelilla,1,108.1,428019.578306634,6159180.31074447
12,Skåne län,1270,Tomelilla,1,108.1,428858.706637925,6161976.7741686
12,Skåne län,1270,Tomelilla,1,108.1,431017.643543215,6161553.05432258
12,Skåne län,1270,Tomelilla,1,108.1,435544.262268353,6166314.50763426
12,Skåne län,1270,Tomelilla,1,108.1,435096.504096901,6169578.83213631
12,Skåne län,1270,Tomelilla,1,108.1,430571.24234312703,6175881.33027025
12,Skåne län,1270,Tomelilla,1,108.1,431768.459931904,6178908.8948227
12,Skåne län,1270,Tomelilla,1,108.1,434576.638393203,6182306.05033334
12,Skåne län,1270,Tomelilla,1,108.1,437148.001259597,6179169.39421721
12,Skåne län,1270,Tomelilla,1,108.1,440125.189394888,6179726.79715594
12,Skåne län,1272,Bromölla,1,109.1,463635.35364006,6223760.25926035
12,Skåne län,1272,Bromölla,1,109.1,463426.645921345,6229213.56368032
12,Skåne län,1272,Bromölla,1,109.1,465315.198298168,6231834.58842778
12,Skåne län,1272,Bromölla,1,109.1,468576.572570355,6230492.30763236
12,Skåne län,1272,Bromölla,1,109.1,472053.60534309,6231138.72927378
12,Skåne län,1272,Bromölla,1,109.1,473425.327118594,6228380.88991309
12,Skåne län,1272,Bromölla,1,109.1,474772.578842481,6215568.76832784
12,Skåne län,1272,Bromölla,1,109.1,472242.995237634,6214421.67879083
12,Skåne län,1272,Bromölla,1,109.1,471698.164518597,6211258.58907801
12,Skåne län,1272,Bromölla,1,109.1,466835.114782935,6209548.49291397
12,Skåne län,1272,Bromölla,1,109.1,461217.589512822,6210733.40141445
12,Skåne län,1272,Bromölla,1,109.1,461805.758650531,6214293.79527974
12,Skåne län,1272,Bromölla,1,109.1,464969.964964929,6217587.40564425
12,Skåne län,1272,Bromölla,1,109.1,463635.35364006,6223760.25926035
01,Stockholms län,0139,Upplands-Bro,1,11.1,650994.616780157,6611726.92144425
01,Stockholms län,0139,Upplands-Bro,1,11.1,652361.478772224,6611387.58865887
01,Stockholms län,0139,Upplands-Bro,1,11.1,654720.43884598,6610037.49511971
01,Stockholms län,0139,Upplands-Bro,1,11.1,656751.919900027,6609473.27162007
01,Stockholms län,0139,Upplands-Bro,1,11.1,658444.083135557,6608199.05269424
01,Stockholms län,0139,Upplands-Bro,1,11.1,658708.587426074,6607412.40910335
01,Stockholms län,0139,Upplands-Bro,1,11.1,658567.76176069,6605506.04028372
01,Stockholms län,0139,Upplands-Bro,1,11.1,659001.131335374,6604233.5314624105
01,Stockholms län,0139,Upplands-Bro,1,11.1,660170.829148958,6602511.04000146
01,Stockholms län,0139,Upplands-Bro,1,11.1,660052.935688245,6601762.73896329
01,Stockholms län,0139,Upplands-Bro,1,11.1,659191.865265579,6600792.47078606
01,Stockholms län,0139,Upplands-Bro,1,11.1,658860.331737893,6599769.62449563
01,Stockholms län,0139,Upplands-Bro,1,11.1,658719.143366263,6597727.28472192
01,Stockholms län,0139,Upplands-Bro,1,11.1,658530.751759896,6596031.30015962
01,Stockholms län,0139,Upplands-Bro,1,11.1,657661.446506188,6595409.8657968
01,Stockholms län,0139,Upplands-Bro,1,11.1,657009.595181747,6597055.66106026
01,Stockholms län,0139,Upplands-Bro,1,11.1,656303.517998121,6596908.12055776
01,Stockholms län,0139,Upplands-Bro,1,11.1,655880.274245214,6595038.32941272
01,Stockholms län,0139,Upplands-Bro,1,11.1,656044.916042916,6592756.7487378
01,Stockholms län,0139,Upplands-Bro,1,11.1,655368.262819311,6591748.73312891
01,Stockholms län,0139,Upplands-Bro,1,11.1,654776.557584141,6591898.52434258
01,Stockholms län,0139,Upplands-Bro,1,11.1,654783.391313137,6592571.48062276
01,Stockholms län,0139,Upplands-Bro,1,11.1,654006.701588983,6592723.03802834
01,Stockholms län,0139,Upplands-Bro,1,11.1,653047.325852963,6593098.33745753
01,Stockholms län,0139,Upplands-Bro,1,11.1,652879.207749631,6595006.93595221
01,Stockholms län,0139,Upplands-Bro,1,11.1,652329.054716386,6595605.15292758
01,Stockholms län,0139,Upplands-Bro,1,11.1,652227.906080337,6596690.72556246
01,Stockholms län,0139,Upplands-Bro,1,11.1,651159.925792782,6597365.6417111
01,Stockholms län,0139,Upplands-Bro,1,11.1,649834.720423309,6598227.40627263
01,Stockholms län,0139,Upplands-Bro,1,11.1,648650.5577766,6598342.00861138
01,Stockholms län,0139,Upplands-Bro,1,11.1,647899.926985957,6597334.09993204
01,Stockholms län,0139,Upplands-Bro,1,11.1,648116.054292717,6596660.85332592
01,Stockholms län,0139,Upplands-Bro,1,11.1,648516.518796064,6595873.86424482
01,Stockholms län,0139,Upplands-Bro,1,11.1,648287.727631291,6595201.21078271
01,Stockholms län,0139,Upplands-Bro,1,11.1,647362.879375124,6595202.99406635
01,Stockholms län,0139,Upplands-Bro,1,11.1,647037.054957726,6596100.86580562
01,Stockholms län,0139,Upplands-Bro,1,11.1,646983.837260639,6598344.78852475
01,Stockholms län,0139,Upplands-Bro,1,11.1,646543.565538086,6598869.35058576
01,Stockholms län,0139,Upplands-Bro,1,11.1,645839.055696339,6598757.82560616
01,Stockholms län,0139,Upplands-Bro,1,11.1,645536.718513432,6598048.29530184
01,Stockholms län,0139,Upplands-Bro,1,11.1,645862.729272181,6597300.39171491
01,Stockholms län,0139,Upplands-Bro,1,11.1,645416.642635014,6597150.00702996
01,Stockholms län,0139,Upplands-Bro,1,11.1,643290.412424751,6599510.75147117
01,Stockholms län,0139,Upplands-Bro,1,11.1,642999.754642283,6600147.09356643
01,Stockholms län,0139,Upplands-Bro,1,11.1,643190.554706646,6600819.28329829
01,Stockholms län,0139,Upplands-Bro,1,11.1,643976.435351972,6601640.65798578
01,Stockholms län,0139,Upplands-Bro,1,11.1,644795.931149823,6602163.4949982
01,Stockholms län,0139,Upplands-Bro,1,11.1,645368.135135778,6604032.07417775
01,Stockholms län,0139,Upplands-Bro,1,11.1,645151.990792989,6604706.32653982
01,Stockholms län,0139,Upplands-Bro,1,11.1,645035.242101445,6605428.75985984
01,Stockholms län,0139,Upplands-Bro,1,11.1,645284.28760114,6606986.48205542
01,Stockholms län,0139,Upplands-Bro,1,11.1,643043.692369595,6609047.8672109
01,Stockholms län,0139,Upplands-Bro,1,11.1,642802.122608909,6610992.55467842
01,Stockholms län,0139,Upplands-Bro,1,11.1,643521.736388581,6612823.92989465
01,Stockholms län,0139,Upplands-Bro,1,11.1,644383.776431418,6613794.21397127
01,Stockholms län,0139,Upplands-Bro,1,11.1,645199.808847821,6613943.10131576
01,Stockholms län,0139,Upplands-Bro,1,11.1,646013.609914973,6615262.72405803
01,Stockholms län,0139,Upplands-Bro,1,11.1,648423.430099269,6614087.23940302
01,Stockholms län,0139,Upplands-Bro,1,11.1,650226.660963504,6612887.3723247
01,Stockholms län,0139,Upplands-Bro,1,11.1,650994.616780157,6611726.92144425
12,Skåne län,1273,Osby,1,110.1,467191.432043988,6250953.74696031
12,Skåne län,1273,Osby,1,110.1,463670.129899337,6249908.88456239
12,Skåne län,1273,Osby,1,110.1,462251.385644009,6244221.59448163
12,Skåne län,1273,Osby,1,110.1,463535.012607894,6240367.23556571
12,Skåne län,1273,Osby,1,110.1,455677.528992325,6239066.73079766
12,Skåne län,1273,Osby,1,110.1,455450.275785964,6242510.61001498
12,Skåne län,1273,Osby,1,110.1,457273.787756811,6244535.12892497
12,Skåne län,1273,Osby,1,110.1,455552.124889547,6247126.86102828
12,Skåne län,1273,Osby,1,110.1,453482.930701035,6246535.85524817
12,Skåne län,1273,Osby,1,110.1,452585.238353864,6243812.48835607
12,Skåne län,1273,Osby,1,110.1,451303.22023526,6246761.20821358
12,Skåne län,1273,Osby,1,110.1,453420.426090917,6255193.45082475
12,Skåne län,1273,Osby,1,110.1,451412.971349277,6257009.1197356
12,Skåne län,1273,Osby,1,110.1,448577.068398043,6254888.75145033
12,Skåne län,1273,Osby,1,110.1,445950.036907676,6247314.20462395
12,Skåne län,1273,Osby,1,110.1,443288.408093326,6246784.2382841
12,Skåne län,1273,Osby,1,110.1,437409.24716793,6242497.21598407
12,Skåne län,1273,Osby,1,110.1,433608.273107755,6242554.64689725
12,Skåne län,1273,Osby,1,110.1,433777.317392803,6245957.10283565
12,Skåne län,1273,Osby,1,110.1,431132.147768571,6247437.42438657
12,Skåne län,1273,Osby,1,110.1,432007.15720168,6249961.54179581
12,Skåne län,1273,Osby,1,110.1,431629.261344348,6252013.19089604
12,Skåne län,1273,Osby,1,110.1,422803.630281126,6250108.53588711
12,Skåne län,1273,Osby,1,110.1,420118.847610168,6254458.03040978
12,Skåne län,1273,Osby,1,110.1,425322.291675052,6256687.06063611
12,Skåne län,1273,Osby,1,110.1,430320.347697918,6256573.7757716
12,Skåne län,1273,Osby,1,110.1,433949.786223358,6258612.44880079
12,Skåne län,1273,Osby,1,110.1,439365.853663736,6258657.01251728
12,Skåne län,1273,Osby,1,110.1,441802.142194568,6262629.8674542
12,Skåne län,1273,Osby,1,110.1,442324.113371526,6265592.70462479
12,Skåne län,1273,Osby,1,110.1,444746.271881569,6265745.08075872
12,Skåne län,1273,Osby,1,110.1,446645.469742801,6262933.61149793
12,Skåne län,1273,Osby,1,110.1,453056.678867845,6261063.68450022
12,Skåne län,1273,Osby,1,110.1,454000.892928718,6262374.2167933
12,Skåne län,1273,Osby,1,110.1,463936.685403879,6259738.96899155
12,Skåne län,1273,Osby,1,110.1,470672.153880065,6257165.07203562
12,Skåne län,1273,Osby,1,110.1,467191.432043988,6250953.74696031
12,Skåne län,1275,Perstorp,1,111.1,395868.099086945,6221712.67707555
12,Skåne län,1275,Perstorp,1,111.1,394188.959858379,6224702.54730901
12,Skåne län,1275,Perstorp,1,111.1,395111.487541028,6225814.78141798
12,Skåne län,1275,Perstorp,1,111.1,392771.948237781,6228268.18448516
12,Skåne län,1275,Perstorp,1,111.1,392537.538506313,6231644.75265436
12,Skåne län,1275,Perstorp,1,111.1,397443.159055751,6238044.02929432
12,Skåne län,1275,Perstorp,1,111.1,402074.763908159,6237029.78156512
12,Skåne län,1275,Perstorp,1,111.1,404238.134401768,6230503.28845955
12,Skåne län,1275,Perstorp,1,111.1,403143.314687839,6227799.7889428
12,Skåne län,1275,Perstorp,1,111.1,404711.979731424,6225626.20241344
12,Skåne län,1275,Perstorp,1,111.1,404671.843288175,6223416.80582768
12,Skåne län,1275,Perstorp,1,111.1,402665.782954375,6219315.34328317
12,Skåne län,1275,Perstorp,1,111.1,399677.11493486,6221721.2163339
12,Skåne län,1275,Perstorp,1,111.1,395868.099086945,6221712.67707555
12,Skåne län,1276,Klippan,1,112.1,391663.141410635,6210681.03364114
12,Skåne län,1276,Klippan,1,112.1,389595.072949453,6210091.16399899
12,Skåne län,1276,Klippan,1,112.1,387324.740457272,6211331.02298633
12,Skåne län,1276,Klippan,1,112.1,385619.828216767,6215932.75656079
12,Skåne län,1276,Klippan,1,112.1,381805.649126263,6218338.93710921
12,Skåne län,1276,Klippan,1,112.1,381042.780920484,6225457.35586209
12,Skåne län,1276,Klippan,1,112.1,376499.975794359,6229145.28522683
12,Skåne län,1276,Klippan,1,112.1,375768.132759704,6232239.10429221
12,Skåne län,1276,Klippan,1,112.1,380920.716053466,6231705.70984074
12,Skåne län,1276,Klippan,1,112.1,383361.225610446,6233263.48885511
12,Skåne län,1276,Klippan,1,112.1,388102.222291978,6229555.88648137
12,Skåne län,1276,Klippan,1,112.1,389814.104505339,6232396.48666276
12,Skåne län,1276,Klippan,1,112.1,392537.538506313,6231644.75265436
12,Skåne län,1276,Klippan,1,112.1,392771.948237781,6228268.18448516
12,Skåne län,1276,Klippan,1,112.1,395111.487541028,6225814.78141798
12,Skåne län,1276,Klippan,1,112.1,394188.959858379,6224702.54730901
12,Skåne län,1276,Klippan,1,112.1,395868.099086945,6221712.67707555
12,Skåne län,1276,Klippan,1,112.1,399677.11493486,6221721.2163339
12,Skåne län,1276,Klippan,1,112.1,402665.782954375,6219315.34328317
12,Skåne län,1276,Klippan,1,112.1,404316.334608101,6216377.06607392
12,Skåne län,1276,Klippan,1,112.1,406292.258693992,6217413.656148
12,Skåne län,1276,Klippan,1,112.1,407244.25595334,6216433.26241556
12,Skåne län,1276,Klippan,1,112.1,406189.163208519,6213404.39788952
12,Skåne län,1276,Klippan,1,112.1,403659.781320384,6212258.39626941
12,Skåne län,1276,Klippan,1,112.1,403049.9864848,6208499.10538557
12,Skåne län,1276,Klippan,1,112.1,398316.303470722,6208585.78202256
12,Skåne län,1276,Klippan,1,112.1,396544.612551393,6208890.93716766
12,Skåne län,1276,Klippan,1,112.1,395846.746886747,6210450.01596426
12,Skåne län,1276,Klippan,1,112.1,391663.141410635,6210681.03364114
12,Skåne län,1277,Åstorp,1,113.1,373002.8114571,6227093.42189523
12,Skåne län,1277,Åstorp,1,113.1,376499.975794359,6229145.28522683
12,Skåne län,1277,Åstorp,1,113.1,381042.780920484,6225457.35586209
12,Skåne län,1277,Åstorp,1,113.1,381805.649126263,6218338.93710921
12,Skåne län,1277,Åstorp,1,113.1,379482.783447047,6216633.65577533
12,Skåne län,1277,Åstorp,1,113.1,376341.339725813,6220915.70362978
12,Skåne län,1277,Åstorp,1,113.1,374182.519801178,6221339.24229948
12,Skåne län,1277,Åstorp,1,113.1,372683.072695938,6222299.19466502
12,Skåne län,1277,Åstorp,1,113.1,368320.126317492,6220268.23668895
12,Skåne län,1277,Åstorp,1,113.1,365841.29280848,6223273.64381357
12,Skåne län,1277,Åstorp,1,113.1,369948.327377896,6224793.89450409
12,Skåne län,1277,Åstorp,1,113.1,372830.51974743,6225502.24369979
12,Skåne län,1277,Åstorp,1,113.1,373002.8114571,6227093.42189523
12,Skåne län,1278,Båstad,1,114.1,362033.434832642,6244183.86989609
12,Skåne län,1278,Båstad,1,114.1,360653.451451944,6248082.58785234
12,Skåne län,1278,Båstad,1,114.1,357543.058443616,6250816.63039776
12,Skåne län,1278,Båstad,1,114.1,354239.764746212,6251761.35066613
12,Skåne län,1278,Båstad,1,114.1,353922.598056596,6256220.1982468
12,Skåne län,1278,Båstad,1,114.1,356998.600310716,6258717.9584553
12,Skåne län,1278,Båstad,1,114.1,359946.686292551,6260022.87418826
12,Skåne län,1278,Båstad,1,114.1,364155.084014754,6258179.27840122
12,Skåne län,1278,Båstad,1,114.1,367132.366371372,6256061.36326551
12,Skåne län,1278,Båstad,1,114.1,370761.602432207,6257497.2121059
12,Skåne län,1278,Båstad,1,114.1,374818.376982326,6254865.20920895
12,Skåne län,1278,Båstad,1,114.1,373164.619097822,6248866.92947103
12,Skåne län,1278,Båstad,1,114.1,370270.966891563,6249904.44328024
12,Skåne län,1278,Båstad,1,114.1,367373.596216328,6245376.84615288
12,Skåne län,1278,Båstad,1,114.1,362033.434832642,6244183.86989609
12,Skåne län,1280,Malmö,1,115.1,372501.410682331,6163965.80639822
12,Skåne län,1280,Malmö,1,115.1,374417.843220619,6165303.37358542
12,Skåne län,1280,Malmö,1,115.1,376968.56140812,6165986.67809509
12,Skåne län,1280,Malmö,1,115.1,377518.990245408,6167301.39345758
12,Skåne län,1280,Malmö,1,115.1,378651.729722376,6165983.24847616
12,Skåne län,1280,Malmö,1,115.1,379738.764499171,6164382.7210667
12,Skåne län,1280,Malmö,1,115.1,381568.318486457,6164425.96921409
12,Skåne län,1280,Malmö,1,115.1,382167.054702765,6164851.7054561
12,Skåne län,1280,Malmö,1,115.1,383201.469009908,6163566.39232789
12,Skåne län,1280,Malmö,1,115.1,383182.700717615,6159933.04611683
12,Skåne län,1280,Malmö,1,115.1,381330.791498375,6158889.07125426
12,Skåne län,1280,Malmö,1,115.1,382312.839583717,6157033.43998274
12,Skåne län,1280,Malmö,1,115.1,380441.428605843,6155085.7085113
12,Skåne län,1280,Malmö,1,115.1,377174.39524432,6154976.8275666
12,Skåne län,1280,Malmö,1,115.1,376558.031588131,6153744.31061953
12,Skåne län,1280,Malmö,1,115.1,369692.265776747,6152917.03057218
12,Skåne län,1280,Malmö,1,115.1,368430.612684434,6155872.7957298
12,Skåne län,1280,Malmö,1,115.1,368078.586996213,6158646.23189221
12,Skåne län,1280,Malmö,1,115.1,368064.645540014,6160706.96489873
12,Skåne län,1280,Malmö,1,115.1,369272.053012755,6161993.30990363
12,Skåne län,1280,Malmö,1,115.1,372501.410682331,6163965.80639822
12,Skåne län,1281,Lund,1,116.1,391601.900590462,6172705.42798273
12,Skåne län,1281,Lund,1,116.1,387627.160571886,6171738.67600698
12,Skåne län,1281,Lund,1,116.1,387129.857456721,6173334.07402485
12,Skåne län,1281,Lund,1,116.1,385157.375690771,6172172.72009628
12,Skåne län,1281,Lund,1,116.1,383447.847819929,6174957.39809116
12,Skåne län,1281,Lund,1,116.1,381573.841001469,6174697.72203312
12,Skåne län,1281,Lund,1,116.1,381401.105695008,6175799.1369238
12,Skåne län,1281,Lund,1,116.1,382488.937945082,6176968.19478442
12,Skåne län,1281,Lund,1,116.1,382958.645565868,6179635.28739073
12,Skåne län,1281,Lund,1,116.1,383583.825382781,6183971.33973268
12,Skåne län,1281,Lund,1,116.1,387979.930391768,6184370.34738655
12,Skåne län,1281,Lund,1,116.1,388870.47798647103,6184198.81316498
12,Skåne län,1281,Lund,1,116.1,390362.848364752,6182299.15373431
12,Skåne län,1281,Lund,1,116.1,392618.720370427,6182985.08893759
12,Skåne län,1281,Lund,1,116.1,393532.132516097,6181622.41351559
12,Skåne län,1281,Lund,1,116.1,393194.916409728,6179680.4551579
12,Skåne län,1281,Lund,1,116.1,395030.075280375,6180017.65096471
12,Skåne län,1281,Lund,1,116.1,398548.993567153,6179101.08564457
12,Skåne län,1281,Lund,1,116.1,401230.108955126,6177603.03599672
12,Skåne län,1281,Lund,1,116.1,403230.396025587,6177408.41643568
12,Skåne län,1281,Lund,1,116.1,407460.863265875,6174011.29902225
12,Skåne län,1281,Lund,1,116.1,409545.611803837,6173430.83394963
12,Skåne län,1281,Lund,1,116.1,412800.104485939,6170073.30284571
12,Skåne län,1281,Lund,1,116.1,412113.904051472,6168313.16525472
12,Skåne län,1281,Lund,1,116.1,411661.637753101,6166548.75197537
12,Skåne län,1281,Lund,1,116.1,408114.750673284,6166169.7002607
12,Skåne län,1281,Lund,1,116.1,406600.28048481,6160594.80819641
12,Skåne län,1281,Lund,1,116.1,405084.840888151,6159835.56774576
12,Skåne län,1281,Lund,1,116.1,404664.89849651,6156835.15929075
12,Skåne län,1281,Lund,1,116.1,403669.656640697,6154486.75161909
12,Skåne län,1281,Lund,1,116.1,402160.906898432,6154615.17222703
12,Skåne län,1281,Lund,1,116.1,398542.809604318,6155380.77885659
12,Skåne län,1281,Lund,1,116.1,397196.694062624,6158633.52571047
12,Skåne län,1281,Lund,1,116.1,395494.313182951,6158136.99687908
12,Skåne län,1281,Lund,1,116.1,393133.267707132,6163578.83019148
12,Skåne län,1281,Lund,1,116.1,393919.618275616,6165321.09400129
12,Skåne län,1281,Lund,1,116.1,394957.223487613,6164191.72424841
12,Skåne län,1281,Lund,1,116.1,396267.854033033,6164769.66866918
12,Skåne län,1281,Lund,1,116.1,396016.965813403,6166834.71824475
12,Skåne län,1281,Lund,1,116.1,393981.042000089,6168206.35738013
12,Skåne län,1281,Lund,1,116.1,391601.900590462,6172705.42798273
12,Skåne län,1282,Landskrona,1,117.1,364885.235992133,6202185.74526322
12,Skåne län,1282,Landskrona,1,117.1,368009.899786504,6203270.64194578
12,Skåne län,1282,Landskrona,1,117.1,370478.307469949,6202010.12426774
12,Skåne län,1282,Landskrona,1,117.1,371769.977940777,6199838.33887199
12,Skåne län,1282,Landskrona,1,117.1,374521.993801365,6196884.00594248
12,Skåne län,1282,Landskrona,1,117.1,373848.078343032,6194335.48458851
12,Skåne län,1282,Landskrona,1,117.1,375930.248393848,6193112.40044414
12,Skåne län,1282,Landskrona,1,117.1,377032.271105467,6194004.79134369
12,Skåne län,1282,Landskrona,1,117.1,377757.827528722,6190922.85190469
12,Skåne län,1282,Landskrona,1,117.1,376114.510806051,6188792.80601014
12,Skåne län,1282,Landskrona,1,117.1,370090.779916434,6188698.65207761
12,Skåne län,1282,Landskrona,1,117.1,368855.133167225,6192842.04323338
12,Skåne län,1282,Landskrona,1,117.1,364539.16715912,6193894.15322903
12,Skåne län,1282,Landskrona,1,117.1,361183.802739401,6204020.54776277
12,Skåne län,1282,Landskrona,1,117.1,363713.969072506,6204317.92174211
12,Skåne län,1282,Landskrona,1,117.1,364885.235992133,6202185.74526322
12,Skåne län,1283,Helsingborg,1,118.1,364885.235992133,6202185.74526322
12,Skåne län,1283,Helsingborg,1,118.1,363713.969072506,6204317.92174211
12,Skåne län,1283,Helsingborg,1,118.1,361183.802739401,6204020.54776277
12,Skåne län,1283,Helsingborg,1,118.1,360071.147615044,6209522.57095313
12,Skåne län,1283,Helsingborg,1,118.1,357573.789218626,6214204.85184079
12,Skåne län,1283,Helsingborg,1,118.1,354571.815751229,6217935.72360201
12,Skåne län,1283,Helsingborg,1,118.1,351988.763559118,6221823.37536371
12,Skåne län,1283,Helsingborg,1,118.1,349973.345606904,6224176.50186128
12,Skåne län,1283,Helsingborg,1,118.1,355988.348250561,6225432.19983819
12,Skåne län,1283,Helsingborg,1,118.1,355787.022373968,6227263.84225222
12,Skåne län,1283,Helsingborg,1,118.1,360139.546198935,6230434.07180627
12,Skåne län,1283,Helsingborg,1,118.1,361598.0816689,6232797.87825661
12,Skåne län,1283,Helsingborg,1,118.1,362963.362935006,6232455.0498896
12,Skåne län,1283,Helsingborg,1,118.1,365580.977992941,6228866.61534731
12,Skåne län,1283,Helsingborg,1,118.1,363274.732529122,6226088.11224939
12,Skåne län,1283,Helsingborg,1,118.1,365841.29280848,6223273.64381357
12,Skåne län,1283,Helsingborg,1,118.1,368320.126317492,6220268.23668895
12,Skåne län,1283,Helsingborg,1,118.1,370211.818638718,6214307.5055282
12,Skåne län,1283,Helsingborg,1,118.1,371273.804935308,6211179.56731643
12,Skåne län,1283,Helsingborg,1,118.1,368965.333637859,6210212.10801837
12,Skåne län,1283,Helsingborg,1,118.1,371879.647668433,6205686.5374838
12,Skåne län,1283,Helsingborg,1,118.1,374235.562149365,6205844.96516997
12,Skåne län,1283,Helsingborg,1,118.1,374019.93851871,6203252.80446136
12,Skåne län,1283,Helsingborg,1,118.1,372106.720522531,6202244.0068667
12,Skåne län,1283,Helsingborg,1,118.1,371769.977940777,6199838.33887199
12,Skåne län,1283,Helsingborg,1,118.1,370478.307469949,6202010.12426774
12,Skåne län,1283,Helsingborg,1,118.1,368009.899786504,6203270.64194578
12,Skåne län,1283,Helsingborg,1,118.1,364885.235992133,6202185.74526322
12,Skåne län,1284,Höganäs,1,119.1,347357.875967892,6236382.11764025
12,Skåne län,1284,Höganäs,1,119.1,345347.500274211,6240008.54525238
12,Skåne län,1284,Höganäs,1,119.1,342767.588527004,6242086.14290645
12,Skåne län,1284,Höganäs,1,119.1,345606.380851297,6242395.24506787
12,Skåne län,1284,Höganäs,1,119.1,351227.442875156,6238797.12861381
12,Skåne län,1284,Höganäs,1,119.1,356120.968783342,6235878.05813538
12,Skåne län,1284,Höganäs,1,119.1,357666.911548985,6233506.46044843
12,Skåne län,1284,Höganäs,1,119.1,359472.763414187,6233520.60229584
12,Skåne län,1284,Höganäs,1,119.1,361598.0816689,6232797.87825661
12,Skåne län,1284,Höganäs,1,119.1,360139.546198935,6230434.07180627
12,Skåne län,1284,Höganäs,1,119.1,355787.022373968,6227263.84225222
12,Skåne län,1284,Höganäs,1,119.1,355988.348250561,6225432.19983819
12,Skåne län,1284,Höganäs,1,119.1,349973.345606904,6224176.50186128
12,Skåne län,1284,Höganäs,1,119.1,349249.895876783,6226128.95420341
12,Skåne län,1284,Höganäs,1,119.1,348201.141376544,6233075.82512197
12,Skåne län,1284,Höganäs,1,119.1,347357.875967892,6236382.11764025
01,Stockholms län,0140,Nykvarn,1,12.1,637904.811689204,6569526.5002652
01,Stockholms län,0140,Nykvarn,1,12.1,642000.372945607,6567447.82700728
01,Stockholms län,0140,Nykvarn,1,12.1,644810.058486359,6568489.780545
01,Stockholms län,0140,Nykvarn,1,12.1,646464.008943231,6565082.69723781
01,Stockholms län,0140,Nykvarn,1,12.1,642879.733608445,6561410.69952326
01,Stockholms län,0140,Nykvarn,1,12.1,642102.726702072,6558982.19920724
01,Stockholms län,0140,Nykvarn,1,12.1,642525.32656547,6557374.56749462
01,Stockholms län,0140,Nykvarn,1,12.1,641027.011794935,6556247.70821897
01,Stockholms län,0140,Nykvarn,1,12.1,638303.484639247,6556416.39751207
01,Stockholms län,0140,Nykvarn,1,12.1,633040.977399861,6558167.10978695
01,Stockholms län,0140,Nykvarn,1,12.1,631797.412491221,6558086.99997793
01,Stockholms län,0140,Nykvarn,1,12.1,628767.466793001,6563429.23789873
01,Stockholms län,0140,Nykvarn,1,12.1,627784.305305979,6569164.1202781
01,Stockholms län,0140,Nykvarn,1,12.1,630219.045138801,6572117.95395323
01,Stockholms län,0140,Nykvarn,1,12.1,631283.094879234,6570360.20059497
01,Stockholms län,0140,Nykvarn,1,12.1,632918.081245565,6570993.85555793
01,Stockholms län,0140,Nykvarn,1,12.1,634659.857087406,6571064.91337008
01,Stockholms län,0140,Nykvarn,1,12.1,635987.289581337,6570428.11238355
01,Stockholms län,0140,Nykvarn,1,12.1,637904.811689204,6569526.5002652
12,Skåne län,1285,Eslöv,1,120.1,401155.377595134,6187371.35721905
12,Skåne län,1285,Eslöv,1,120.1,403716.724245919,6183285.19697526
12,Skåne län,1285,Eslöv,1,120.1,407151.159985563,6183534.08554922
12,Skåne län,1285,Eslöv,1,120.1,407496.921501696,6186716.5648364
12,Skåne län,1285,Eslöv,1,120.1,409491.741161399,6187850.26628716
12,Skåne län,1285,Eslöv,1,120.1,410603.19024792,6185792.20796371
12,Skåne län,1285,Eslöv,1,120.1,413839.526752055,6186059.78314198
12,Skåne län,1285,Eslöv,1,120.1,413864.289166397,6184447.83088865
12,Skåne län,1285,Eslöv,1,120.1,411272.915689775,6180894.35785098
12,Skåne län,1285,Eslöv,1,120.1,412738.002830277,6178421.59507793
12,Skåne län,1285,Eslöv,1,120.1,409545.611803837,6173430.83394963
12,Skåne län,1285,Eslöv,1,120.1,407460.863265875,6174011.29902225
12,Skåne län,1285,Eslöv,1,120.1,403230.396025587,6177408.41643568
12,Skåne län,1285,Eslöv,1,120.1,401230.108955126,6177603.03599672
12,Skåne län,1285,Eslöv,1,120.1,398548.993567153,6179101.08564457
12,Skåne län,1285,Eslöv,1,120.1,395030.075280375,6180017.65096471
12,Skåne län,1285,Eslöv,1,120.1,393194.916409728,6179680.4551579
12,Skåne län,1285,Eslöv,1,120.1,393532.132516097,6181622.41351559
12,Skåne län,1285,Eslöv,1,120.1,392618.720370427,6182985.08893759
12,Skåne län,1285,Eslöv,1,120.1,390362.848364752,6182299.15373431
12,Skåne län,1285,Eslöv,1,120.1,388870.47798647103,6184198.81316498
12,Skåne län,1285,Eslöv,1,120.1,387979.930391768,6184370.34738655
12,Skåne län,1285,Eslöv,1,120.1,389125.195262429,6187730.99298184
12,Skåne län,1285,Eslöv,1,120.1,387993.237106356,6189921.68766799
12,Skåne län,1285,Eslöv,1,120.1,383265.958458337,6189723.68369657
12,Skåne län,1285,Eslöv,1,120.1,384027.930277555,6191665.57542646
12,Skåne län,1285,Eslöv,1,120.1,382940.435817054,6192785.31804456
12,Skåne län,1285,Eslöv,1,120.1,383018.950632042,6195395.89583951
12,Skåne län,1285,Eslöv,1,120.1,385003.202630886,6197001.2137984
12,Skåne län,1285,Eslöv,1,120.1,386971.949080576,6196594.38982075
12,Skåne län,1285,Eslöv,1,120.1,390172.708839054,6198275.87747077
12,Skåne län,1285,Eslöv,1,120.1,393420.965821159,6198542.63918662
12,Skåne län,1285,Eslöv,1,120.1,392831.902925772,6202429.81187202
12,Skåne län,1285,Eslöv,1,120.1,396544.612551393,6208890.93716766
12,Skåne län,1285,Eslöv,1,120.1,398316.303470722,6208585.78202256
12,Skåne län,1285,Eslöv,1,120.1,399778.662024522,6204211.01821135
12,Skåne län,1285,Eslöv,1,120.1,399277.185736566,6201445.52171915
12,Skåne län,1285,Eslöv,1,120.1,402409.239202942,6198909.31326043
12,Skåne län,1285,Eslöv,1,120.1,404044.948038473,6195522.05614759
12,Skåne län,1285,Eslöv,1,120.1,401557.893545564,6194773.41682005
12,Skåne län,1285,Eslöv,1,120.1,401810.702484154,6189718.84157166
12,Skåne län,1285,Eslöv,1,120.1,401155.377595134,6187371.35721905
12,Skåne län,1286,Ystad,1,121.1,443171.556571619,6138771.31274382
12,Skåne län,1286,Ystad,1,121.1,440530.564451052,6138439.85597918
12,Skåne län,1286,Ystad,1,121.1,434046.725198019,6143335.48883222
12,Skåne län,1286,Ystad,1,121.1,431358.383265428,6144418.82619784
12,Skåne län,1286,Ystad,1,121.1,427242.678679897,6143435.54819561
12,Skåne län,1286,Ystad,1,121.1,420085.751271851,6143975.29251411
12,Skåne län,1286,Ystad,1,121.1,417733.698893331,6142609.66668796
12,Skåne län,1286,Ystad,1,121.1,414468.646799614,6142488.8663133
12,Skåne län,1286,Ystad,1,121.1,412662.700454112,6145749.3619441
12,Skåne län,1286,Ystad,1,121.1,414792.892110133,6148747.63682588
12,Skåne län,1286,Ystad,1,121.1,414689.268047806,6154405.74154439
12,Skåne län,1286,Ystad,1,121.1,419909.892078315,6155258.95250645
12,Skåne län,1286,Ystad,1,121.1,422901.725130076,6156960.90102763
12,Skåne län,1286,Ystad,1,121.1,425208.387277307,6159739.39760299
12,Skåne län,1286,Ystad,1,121.1,428019.578306634,6159180.31074447
12,Skåne län,1286,Ystad,1,121.1,430678.833610297,6154748.22142731
12,Skåne län,1286,Ystad,1,121.1,430616.807692735,6152340.60483894
12,Skåne län,1286,Ystad,1,121.1,435578.536557664,6148206.06085665
12,Skåne län,1286,Ystad,1,121.1,438371.286245844,6149929.68574315
12,Skåne län,1286,Ystad,1,121.1,442981.429274854,6149568.34492697
12,Skåne län,1286,Ystad,1,121.1,444956.615493361,6149650.22252425
12,Skåne län,1286,Ystad,1,121.1,444101.968777051,6147324.33114083
12,Skåne län,1286,Ystad,1,121.1,445513.721406271,6145568.47604332
12,Skåne län,1286,Ystad,1,121.1,449935.62963843,6140149.10987922
12,Skåne län,1286,Ystad,1,121.1,448700.099127696,6137997.72094371
12,Skåne län,1286,Ystad,1,121.1,443171.556571619,6138771.31274382
12,Skåne län,1287,Trelleborg,1,122.1,402096.242153018,6150023.67933949
12,Skåne län,1287,Trelleborg,1,122.1,403362.161564772,6148598.06805618
12,Skåne län,1287,Trelleborg,1,122.1,402881.885366222,6145538.99777767
12,Skåne län,1287,Trelleborg,1,122.1,401532.748794533,6143194.50529646
12,Skåne län,1287,Trelleborg,1,122.1,403510.320587931,6141940.0565749
12,Skåne län,1287,Trelleborg,1,122.1,403988.566529409,6138362.36107628
12,Skåne län,1287,Trelleborg,1,122.1,401880.495339888,6137595.30097124
12,Skåne län,1287,Trelleborg,1,122.1,399840.398329351,6135964.46703326
12,Skåne län,1287,Trelleborg,1,122.1,397297.802928688,6135694.13670749
12,Skåne län,1287,Trelleborg,1,122.1,394427.099507595,6133893.77463493
12,Skåne län,1287,Trelleborg,1,122.1,393450.832817091,6135080.86748865
12,Skåne län,1287,Trelleborg,1,122.1,391260.805221463,6134747.66272532
12,Skåne län,1287,Trelleborg,1,122.1,389800.865800937,6135410.40683471
12,Skåne län,1287,Trelleborg,1,122.1,386654.030604453,6137088.07684956
12,Skåne län,1287,Trelleborg,1,122.1,380789.339773338,6138616.30292116
12,Skåne län,1287,Trelleborg,1,122.1,378478.458958404,6138106.78820942
12,Skåne län,1287,Trelleborg,1,122.1,377062.037228964,6138120.35398801
12,Skåne län,1287,Trelleborg,1,122.1,373994.857293876,6140172.71193131
12,Skåne län,1287,Trelleborg,1,122.1,375972.042938003,6143085.11378699
12,Skåne län,1287,Trelleborg,1,122.1,377758.100848701,6143775.46565228
12,Skåne län,1287,Trelleborg,1,122.1,377074.388664323,6144901.9415464
12,Skåne län,1287,Trelleborg,1,122.1,376673.266317613,6148205.55838307
12,Skåne län,1287,Trelleborg,1,122.1,377798.738640506,6148372.53538042
12,Skåne län,1287,Trelleborg,1,122.1,378443.519253089,6148190.10720343
12,Skåne län,1287,Trelleborg,1,122.1,379802.27167534,6148236.85372044
12,Skåne län,1287,Trelleborg,1,122.1,381842.732287157,6147158.08744146
12,Skåne län,1287,Trelleborg,1,122.1,383651.464332843,6148910.17943424
12,Skåne län,1287,Trelleborg,1,122.1,383990.644102033,6150085.51050392
12,Skåne län,1287,Trelleborg,1,122.1,386849.296920827,6149471.99912247
12,Skåne län,1287,Trelleborg,1,122.1,387344.787609439,6150528.20999726
12,Skåne län,1287,Trelleborg,1,122.1,388762.841187708,6150633.6137003
12,Skåne län,1287,Trelleborg,1,122.1,388616.93106046,6149339.57863356
12,Skåne län,1287,Trelleborg,1,122.1,389611.638696867,6148976.31548418
12,Skåne län,1287,Trelleborg,1,122.1,391765.042073667,6150312.62290369
12,Skåne län,1287,Trelleborg,1,122.1,393098.481327127,6149182.67105704
12,Skåne län,1287,Trelleborg,1,122.1,397822.865350866,6149376.40377956
12,Skåne län,1287,Trelleborg,1,122.1,399948.192324667,6152186.67549476
12,Skåne län,1287,Trelleborg,1,122.1,401102.957147916,6153708.32872589
12,Skåne län,1287,Trelleborg,1,122.1,402160.906898432,6154615.17222703
12,Skåne län,1287,Trelleborg,1,122.1,402096.242153018,6150023.67933949
12,Skåne län,1290,Kristianstad,1,123.1,464399.53519718,6204971.94139989
12,Skåne län,1290,Kristianstad,1,123.1,459671.695329659,6202041.98118904
12,Skåne län,1290,Kristianstad,1,123.1,457722.182713824,6197012.35355146
12,Skåne län,1290,Kristianstad,1,123.1,454972.791748643,6195687.8526205
12,Skåne län,1290,Kristianstad,1,123.1,450452.441673124,6187303.75917237
12,Skåne län,1290,Kristianstad,1,123.1,449708.236432149,6179534.43814282
12,Skåne län,1290,Kristianstad,1,123.1,443766.590577988,6179640.22328084
12,Skåne län,1290,Kristianstad,1,123.1,443089.787050201,6181280.6242138
12,Skåne län,1290,Kristianstad,1,123.1,441093.336158469,6181739.1783
12,Skåne län,1290,Kristianstad,1,123.1,440125.189394888,6179726.79715594
12,Skåne län,1290,Kristianstad,1,123.1,437148.001259597,6179169.39421721
12,Skåne län,1290,Kristianstad,1,123.1,434576.638393203,6182306.05033334
12,Skåne län,1290,Kristianstad,1,123.1,434273.22422697,6185959.86346414
12,Skåne län,1290,Kristianstad,1,123.1,431807.751677714,6185409.39818737
12,Skåne län,1290,Kristianstad,1,123.1,430107.006779017,6188200.31575066
12,Skåne län,1290,Kristianstad,1,123.1,432542.607532526,6192172.89479562
12,Skåne län,1290,Kristianstad,1,123.1,431894.48054556,6197269.027165
12,Skåne län,1290,Kristianstad,1,123.1,430019.338487676,6198468.61545222
12,Skåne län,1290,Kristianstad,1,123.1,426041.940245966,6195057.79211936
12,Skåne län,1290,Kristianstad,1,123.1,421478.411583248,6201027.79210385
12,Skåne län,1290,Kristianstad,1,123.1,424441.260864171,6202465.69888211
12,Skåne län,1290,Kristianstad,1,123.1,422960.30401519,6205434.04516562
12,Skåne län,1290,Kristianstad,1,123.1,426297.715303398,6210319.75464314
12,Skåne län,1290,Kristianstad,1,123.1,428062.528018129,6208125.37037986
12,Skåne län,1290,Kristianstad,1,123.1,432001.696239837,6209327.821484
12,Skåne län,1290,Kristianstad,1,123.1,437270.988807244,6217231.8342684
12,Skåne län,1290,Kristianstad,1,123.1,436539.219604474,6219721.17444574
12,Skåne län,1290,Kristianstad,1,123.1,438232.682568293,6223636.22667401
12,Skåne län,1290,Kristianstad,1,123.1,445739.699572599,6221386.00075165
12,Skåne län,1290,Kristianstad,1,123.1,447210.269161344,6223848.12805239
12,Skåne län,1290,Kristianstad,1,123.1,450489.041476067,6224516.19103426
12,Skåne län,1290,Kristianstad,1,123.1,453962.824720408,6226972.77345595
12,Skåne län,1290,Kristianstad,1,123.1,455490.980993679,6233654.82798353
12,Skåne län,1290,Kristianstad,1,123.1,457508.46154781303,6237469.84913232
12,Skåne län,1290,Kristianstad,1,123.1,463535.012607894,6240367.23556571
12,Skåne län,1290,Kristianstad,1,123.1,464843.293106868,6236712.05892541
12,Skåne län,1290,Kristianstad,1,123.1,465315.198298168,6231834.58842778
12,Skåne län,1290,Kristianstad,1,123.1,463426.645921345,6229213.56368032
12,Skåne län,1290,Kristianstad,1,123.1,463635.35364006,6223760.25926035
12,Skåne län,1290,Kristianstad,1,123.1,464969.964964929,6217587.40564425
12,Skåne län,1290,Kristianstad,1,123.1,461805.758650531,6214293.79527974
12,Skåne län,1290,Kristianstad,1,123.1,461217.589512822,6210733.40141445
12,Skåne län,1290,Kristianstad,1,123.1,466835.114782935,6209548.49291397
12,Skåne län,1290,Kristianstad,1,123.1,464399.53519718,6204971.94139989
12,Skåne län,1291,Simrishamn,1,124.1,454560.650168826,6169779.07650902
12,Skåne län,1291,Simrishamn,1,124.1,455653.323607767,6163228.56358136
12,Skåne län,1291,Simrishamn,1,124.1,458940.258564834,6160274.00448371
12,Skåne län,1291,Simrishamn,1,124.1,459807.016860116,6155355.13702573
12,Skåne län,1291,Simrishamn,1,124.1,457745.780132031,6151142.98889075
12,Skåne län,1291,Simrishamn,1,124.1,453198.267569648,6146182.3428675
12,Skåne län,1291,Simrishamn,1,124.1,449935.62963843,6140149.10987922
12,Skåne län,1291,Simrishamn,1,124.1,445513.721406271,6145568.47604332
12,Skåne län,1291,Simrishamn,1,124.1,444101.968777051,6147324.33114083
12,Skåne län,1291,Simrishamn,1,124.1,444956.615493361,6149650.22252425
12,Skåne län,1291,Simrishamn,1,124.1,442981.429274854,6149568.34492697
12,Skåne län,1291,Simrishamn,1,124.1,444881.212298278,6153564.6344505
12,Skåne län,1291,Simrishamn,1,124.1,445614.324834269,6160158.25136706
12,Skåne län,1291,Simrishamn,1,124.1,448577.809917165,6160780.40641542
12,Skåne län,1291,Simrishamn,1,124.1,447785.769817238,6165030.36172479
12,Skåne län,1291,Simrishamn,1,124.1,441677.753613273,6166380.77574784
12,Skåne län,1291,Simrishamn,1,124.1,442423.894724159,6173563.27403744
12,Skåne län,1291,Simrishamn,1,124.1,446307.852016547,6175827.46890283
12,Skåne län,1291,Simrishamn,1,124.1,443859.916073451,6177203.38092471
12,Skåne län,1291,Simrishamn,1,124.1,443766.590577988,6179640.22328084
12,Skåne län,1291,Simrishamn,1,124.1,449708.236432149,6179534.43814282
12,Skåne län,1291,Simrishamn,1,124.1,450813.338668651,6172179.46779417
12,Skåne län,1291,Simrishamn,1,124.1,454560.650168826,6169779.07650902
12,Skåne län,1292,Ängelholm,1,125.1,380920.716053466,6231705.70984074
12,Skåne län,1292,Ängelholm,1,125.1,375768.132759704,6232239.10429221
12,Skåne län,1292,Ängelholm,1,125.1,376499.975794359,6229145.28522683
12,Skåne län,1292,Ängelholm,1,125.1,373002.8114571,6227093.42189523
12,Skåne län,1292,Ängelholm,1,125.1,372830.51974743,6225502.24369979
12,Skåne län,1292,Ängelholm,1,125.1,369948.327377896,6224793.89450409
12,Skåne län,1292,Ängelholm,1,125.1,365841.29280848,6223273.64381357
12,Skåne län,1292,Ängelholm,1,125.1,363274.732529122,6226088.11224939
12,Skåne län,1292,Ängelholm,1,125.1,365580.977992941,6228866.61534731
12,Skåne län,1292,Ängelholm,1,125.1,362963.362935006,6232455.0498896
12,Skåne län,1292,Ängelholm,1,125.1,365349.605461354,6234119.10664342
12,Skåne län,1292,Ängelholm,1,125.1,366707.454809547,6237399.26720648
12,Skåne län,1292,Ängelholm,1,125.1,365094.291194961,6240985.45445792
12,Skåne län,1292,Ängelholm,1,125.1,362033.434832642,6244183.86989609
12,Skåne län,1292,Ängelholm,1,125.1,367373.596216328,6245376.84615288
12,Skåne län,1292,Ängelholm,1,125.1,370270.966891563,6249904.44328024
12,Skåne län,1292,Ängelholm,1,125.1,373164.619097822,6248866.92947103
12,Skåne län,1292,Ängelholm,1,125.1,375888.989480198,6248117.26783301
12,Skåne län,1292,Ängelholm,1,125.1,385755.614977613,6246694.71742527
12,Skåne län,1292,Ängelholm,1,125.1,388813.503768458,6244098.87677605
12,Skåne län,1292,Ängelholm,1,125.1,383529.204755067,6237270.41292723
12,Skåne län,1292,Ängelholm,1,125.1,383361.225610446,6233263.48885511
12,Skåne län,1292,Ängelholm,1,125.1,380920.716053466,6231705.70984074
12,Skåne län,1293,Hässleholm,1,126.1,431132.147768571,6247437.42438657
12,Skåne län,1293,Hässleholm,1,126.1,433777.317392803,6245957.10283565
12,Skåne län,1293,Hässleholm,1,126.1,433608.273107755,6242554.64689725
12,Skåne län,1293,Hässleholm,1,126.1,437409.24716793,6242497.21598407
12,Skåne län,1293,Hässleholm,1,126.1,437540.616474686,6236314.50213781
12,Skåne län,1293,Hässleholm,1,126.1,436538.800210835,6230785.23173848
12,Skåne län,1293,Hässleholm,1,126.1,437558.598420479,6227259.73226511
12,Skåne län,1293,Hässleholm,1,126.1,438232.682568293,6223636.22667401
12,Skåne län,1293,Hässleholm,1,126.1,436539.219604474,6219721.17444574
12,Skåne län,1293,Hässleholm,1,126.1,437270.988807244,6217231.8342684
12,Skåne län,1293,Hässleholm,1,126.1,432001.696239837,6209327.821484
12,Skåne län,1293,Hässleholm,1,126.1,428062.528018129,6208125.37037986
12,Skåne län,1293,Hässleholm,1,126.1,426297.715303398,6210319.75464314
12,Skåne län,1293,Hässleholm,1,126.1,422960.30401519,6205434.04516562
12,Skåne län,1293,Hässleholm,1,126.1,424441.260864171,6202465.69888211
12,Skåne län,1293,Hässleholm,1,126.1,421478.411583248,6201027.79210385
12,Skåne län,1293,Hässleholm,1,126.1,418804.481121298,6202243.02855534
12,Skåne län,1293,Hässleholm,1,126.1,414165.636673644,6202588.72333622
12,Skåne län,1293,Hässleholm,1,126.1,415959.16207346,6205555.25538919
12,Skåne län,1293,Hässleholm,1,126.1,416650.501318364,6211920.32031904
12,Skåne län,1293,Hässleholm,1,126.1,411406.908208991,6213468.33270784
12,Skåne län,1293,Hässleholm,1,126.1,410607.007290754,6217172.21236244
12,Skåne län,1293,Hässleholm,1,126.1,407244.25595334,6216433.26241556
12,Skåne län,1293,Hässleholm,1,126.1,406292.258693992,6217413.656148
12,Skåne län,1293,Hässleholm,1,126.1,404316.334608101,6216377.06607392
12,Skåne län,1293,Hässleholm,1,126.1,402665.782954375,6219315.34328317
12,Skåne län,1293,Hässleholm,1,126.1,404671.843288175,6223416.80582768
12,Skåne län,1293,Hässleholm,1,126.1,404711.979731424,6225626.20241344
12,Skåne län,1293,Hässleholm,1,126.1,403143.314687839,6227799.7889428
12,Skåne län,1293,Hässleholm,1,126.1,404238.134401768,6230503.28845955
12,Skåne län,1293,Hässleholm,1,126.1,402074.763908159,6237029.78156512
12,Skåne län,1293,Hässleholm,1,126.1,404504.893134888,6240332.64646812
12,Skåne län,1293,Hässleholm,1,126.1,406379.04816993,6239132.18114073
12,Skåne län,1293,Hässleholm,1,126.1,407275.711851157,6241855.3782653
12,Skåne län,1293,Hässleholm,1,126.1,407506.487773858,6247665.29732668
12,Skåne län,1293,Hässleholm,1,126.1,411816.899011056,6250439.51702714
12,Skåne län,1293,Hässleholm,1,126.1,412177.99299711,6252547.75203983
12,Skåne län,1293,Hässleholm,1,126.1,420118.847610168,6254458.03040978
12,Skåne län,1293,Hässleholm,1,126.1,422803.630281126,6250108.53588711
12,Skåne län,1293,Hässleholm,1,126.1,431629.261344348,6252013.19089604
12,Skåne län,1293,Hässleholm,1,126.1,432007.15720168,6249961.54179581
12,Skåne län,1293,Hässleholm,1,126.1,431132.147768571,6247437.42438657
13,Hallands län,1315,Hylte,1,127.1,395137.906139473,6329404.92653069
13,Hallands län,1315,Hylte,1,127.1,400592.607729186,6331657.34929784
13,Hallands län,1315,Hylte,1,127.1,406693.878266813,6330626.00369436
13,Hallands län,1315,Hylte,1,127.1,408254.005599097,6332073.76949799
13,Hallands län,1315,Hylte,1,127.1,408877.915455204,6328589.80316473
13,Hallands län,1315,Hylte,1,127.1,410726.162279549,6329002.46573932
13,Hallands län,1315,Hylte,1,127.1,415598.735289174,6325884.53398912
13,Hallands län,1315,Hylte,1,127.1,414550.870951189,6321768.07234909
13,Hallands län,1315,Hylte,1,127.1,416166.483844339,6318181.83509553
13,Hallands län,1315,Hylte,1,127.1,420073.899891278,6316638.69280554
13,Hallands län,1315,Hylte,1,127.1,420512.899643225,6313911.14104407
13,Hallands län,1315,Hylte,1,127.1,418391.022066537,6307290.15740757
13,Hallands län,1315,Hylte,1,127.1,416077.147843466,6308133.46868266
13,Hallands län,1315,Hylte,1,127.1,415464.422858597,6306185.14399791
13,Hallands län,1315,Hylte,1,127.1,410643.938929337,6306079.33235394
13,Hallands län,1315,Hylte,1,127.1,407764.017684894,6303560.55647612
13,Hallands län,1315,Hylte,1,127.1,406704.990495866,6304877.43989523
13,Hallands län,1315,Hylte,1,127.1,400698.053085156,6303083.44585093
13,Hallands län,1315,Hylte,1,127.1,398823.815977628,6304282.76038068
13,Hallands län,1315,Hylte,1,127.1,396069.819510071,6301683.55251202
13,Hallands län,1315,Hylte,1,127.1,388417.854525918,6300730.78760501
13,Hallands län,1315,Hylte,1,127.1,388603.925162884,6306142.2775605
13,Hallands län,1315,Hylte,1,127.1,386225.218460378,6306388.09229189
13,Hallands län,1315,Hylte,1,127.1,384182.243362301,6304185.09453258
13,Hallands län,1315,Hylte,1,127.1,381346.693390999,6302064.72601714
13,Hallands län,1315,Hylte,1,127.1,378788.164505526,6304339.38313456
13,Hallands län,1315,Hylte,1,127.1,378776.076176598,6309771.46486044
13,Hallands län,1315,Hylte,1,127.1,375847.253727657,6310476.53466981
13,Hallands län,1315,Hylte,1,127.1,373975.904417573,6313552.84805157
13,Hallands län,1315,Hylte,1,127.1,368480.335769214,6316467.43261239
13,Hallands län,1315,Hylte,1,127.1,370230.770031776,6321516.47655529
13,Hallands län,1315,Hylte,1,127.1,372234.790584211,6321511.16029374
13,Hallands län,1315,Hylte,1,127.1,375022.589808279,6325044.28467613
13,Hallands län,1315,Hylte,1,127.1,379098.970802292,6323820.10091581
13,Hallands län,1315,Hylte,1,127.1,380742.200078042,6327874.45851225
13,Hallands län,1315,Hylte,1,127.1,384274.363188035,6329654.32778443
13,Hallands län,1315,Hylte,1,127.1,386565.440318476,6322445.03902125
13,Hallands län,1315,Hylte,1,127.1,392103.242124997,6327304.08069453
13,Hallands län,1315,Hylte,1,127.1,392669.211907154,6330666.1093279
13,Hallands län,1315,Hylte,1,127.1,395137.906139473,6329404.92653069
13,Hallands län,1380,Halmstad,1,128.1,378788.164505526,6304339.38313456
13,Hallands län,1380,Halmstad,1,128.1,381346.693390999,6302064.72601714
13,Hallands län,1380,Halmstad,1,128.1,384182.243362301,6304185.09453258
13,Hallands län,1380,Halmstad,1,128.1,386225.218460378,6306388.09229189
13,Hallands län,1380,Halmstad,1,128.1,388603.925162884,6306142.2775605
13,Hallands län,1380,Halmstad,1,128.1,388417.854525918,6300730.78760501
13,Hallands län,1380,Halmstad,1,128.1,396069.819510071,6301683.55251202
13,Hallands län,1380,Halmstad,1,128.1,397438.238720491,6293361.76317987
13,Hallands län,1380,Halmstad,1,128.1,397477.500645778,6284507.5698732
13,Hallands län,1380,Halmstad,1,128.1,395258.946605697,6282523.4348936
13,Hallands län,1380,Halmstad,1,128.1,388455.1516304,6282623.30198036
13,Hallands län,1380,Halmstad,1,128.1,388966.301503193,6279954.65663921
13,Hallands län,1380,Halmstad,1,128.1,378301.564353644,6274017.22094987
13,Hallands län,1380,Halmstad,1,128.1,376989.422181678,6269324.21246161
13,Hallands län,1380,Halmstad,1,128.1,374230.014454553,6269139.86953554
13,Hallands län,1380,Halmstad,1,128.1,373501.963217037,6274109.73085715
13,Hallands län,1380,Halmstad,1,128.1,371706.822518527,6279726.67739865
13,Hallands län,1380,Halmstad,1,128.1,368135.036152307,6281906.49864304
13,Hallands län,1380,Halmstad,1,128.1,364683.441291249,6279648.07027072
13,Hallands län,1380,Halmstad,1,128.1,361292.492756568,6279797.0921566
13,Hallands län,1380,Halmstad,1,128.1,358859.647781306,6285076.61774906
13,Hallands län,1380,Halmstad,1,128.1,356758.112812198,6289718.36623213
13,Hallands län,1380,Halmstad,1,128.1,354719.361050878,6295561.18435513
13,Hallands län,1380,Halmstad,1,128.1,356936.548452161,6298751.60150062
13,Hallands län,1380,Halmstad,1,128.1,363048.04349743,6303350.21840387
13,Hallands län,1380,Halmstad,1,128.1,367649.46990526,6303277.53642477
13,Hallands län,1380,Halmstad,1,128.1,370882.236329192,6305357.5904615
13,Hallands län,1380,Halmstad,1,128.1,371663.702402203,6310707.0238495
13,Hallands län,1380,Halmstad,1,128.1,373975.904417573,6313552.84805157
13,Hallands län,1380,Halmstad,1,128.1,375847.253727657,6310476.53466981
13,Hallands län,1380,Halmstad,1,128.1,378776.076176598,6309771.46486044
13,Hallands län,1380,Halmstad,1,128.1,378788.164505526,6304339.38313456
13,Hallands län,1381,Laholm,1,129.1,401914.923657282,6275533.15999669
13,Hallands län,1381,Laholm,1,129.1,402765.604815406,6272293.73689716
13,Hallands län,1381,Laholm,1,129.1,404376.694187346,6270518.54161198
13,Hallands län,1381,Laholm,1,129.1,406107.871815854,6264304.87631111
13,Hallands län,1381,Laholm,1,129.1,404399.317472583,6259654.05866374
13,Hallands län,1381,Laholm,1,129.1,405768.942260728,6257500.17200899
13,Hallands län,1381,Laholm,1,129.1,404841.378604184,6255115.43314393
13,Hallands län,1381,Laholm,1,129.1,402497.837741983,6253212.86486034
13,Hallands län,1381,Laholm,1,129.1,399920.982012205,6253478.49479875
13,Hallands län,1381,Laholm,1,129.1,395192.695698983,6250547.46881557
13,Hallands län,1381,Laholm,1,129.1,391589.305970792,6246897.01475558
13,Hallands län,1381,Laholm,1,129.1,388813.503768458,6244098.87677605
13,Hallands län,1381,Laholm,1,129.1,385755.614977613,6246694.71742527
13,Hallands län,1381,Laholm,1,129.1,375888.989480198,6248117.26783301
13,Hallands län,1381,Laholm,1,129.1,373164.619097822,6248866.92947103
13,Hallands län,1381,Laholm,1,129.1,374818.376982326,6254865.20920895
13,Hallands län,1381,Laholm,1,129.1,370761.602432207,6257497.2121059
13,Hallands län,1381,Laholm,1,129.1,372825.222858909,6260502.86568463
13,Hallands län,1381,Laholm,1,129.1,373985.874642111,6263801.78036002
13,Hallands län,1381,Laholm,1,129.1,374230.014454553,6269139.86953554
13,Hallands län,1381,Laholm,1,129.1,376989.422181678,6269324.21246161
13,Hallands län,1381,Laholm,1,129.1,378301.564353644,6274017.22094987
13,Hallands län,1381,Laholm,1,129.1,388966.301503193,6279954.65663921
13,Hallands län,1381,Laholm,1,129.1,388455.1516304,6282623.30198036
13,Hallands län,1381,Laholm,1,129.1,395258.946605697,6282523.4348936
13,Hallands län,1381,Laholm,1,129.1,397477.500645778,6284507.5698732
13,Hallands län,1381,Laholm,1,129.1,400303.430082024,6280997.54289972
13,Hallands län,1381,Laholm,1,129.1,401914.923657282,6275533.15999669
01,Stockholms län,0160,Täby,1,13.1,674633.53141418,6600354.93305002
01,Stockholms län,0160,Täby,1,13.1,675709.199298865,6600614.94587287
01,Stockholms län,0160,Täby,1,13.1,676514.701286439,6599491.89430455
01,Stockholms län,0160,Täby,1,13.1,677955.981598679,6599202.43311376
01,Stockholms län,0160,Täby,1,13.1,678266.303702272,6596534.62234475
01,Stockholms län,0160,Täby,1,13.1,677587.919122826,6595338.58131189
01,Stockholms län,0160,Täby,1,13.1,678120.154859547,6594240.21666469
01,Stockholms län,0160,Täby,1,13.1,676342.390981902,6592759.88749253
01,Stockholms län,0160,Täby,1,13.1,676745.232252219,6592272.84847387
01,Stockholms län,0160,Täby,1,13.1,675923.407547062,6591527.00970213
01,Stockholms län,0160,Täby,1,13.1,675706.070643084,6590815.48828738
01,Stockholms län,0160,Täby,1,13.1,673144.174852015,6591418.32164977
01,Stockholms län,0160,Täby,1,13.1,673381.18496567,6593063.92674703
01,Stockholms län,0160,Täby,1,13.1,672575.319396674,6593888.01963452
01,Stockholms län,0160,Täby,1,13.1,672124.643732149,6593290.65178711
01,Stockholms län,0160,Täby,1,13.1,671307.476149803,6593067.78047438
01,Stockholms län,0160,Täby,1,13.1,669813.591326493,6595800.2011633
01,Stockholms län,0160,Täby,1,13.1,670051.045110809,6597407.81958019
01,Stockholms län,0160,Täby,1,13.1,669325.830712846,6599166.7265146
01,Stockholms län,0160,Täby,1,13.1,670970.858396491,6600872.39731769
01,Stockholms län,0160,Täby,1,13.1,673192.659487773,6600693.39252916
01,Stockholms län,0160,Täby,1,13.1,674633.53141418,6600354.93305002
13,Hallands län,1382,Falkenberg,1,130.1,353146.344014234,6332129.81209514
13,Hallands län,1382,Falkenberg,1,130.1,356334.708680331,6333812.6331377
13,Hallands län,1382,Falkenberg,1,130.1,355469.403385432,6336919.71850066
13,Hallands län,1382,Falkenberg,1,130.1,357382.429924521,6337928.82780443
13,Hallands län,1382,Falkenberg,1,130.1,355944.331192068,6341295.99368526
13,Hallands län,1382,Falkenberg,1,130.1,356818.970068193,6343819.9942886
13,Hallands län,1382,Falkenberg,1,130.1,359524.530996432,6344747.5558664
13,Hallands län,1382,Falkenberg,1,130.1,367311.863770628,6351714.16204301
13,Hallands län,1382,Falkenberg,1,130.1,370831.686212217,6349212.17681728
13,Hallands län,1382,Falkenberg,1,130.1,375213.399877457,6348961.23749664
13,Hallands län,1382,Falkenberg,1,130.1,376454.405512414,6345615.65984824
13,Hallands län,1382,Falkenberg,1,130.1,375156.403541201,6344743.72771473
13,Hallands län,1382,Falkenberg,1,130.1,375521.741017951,6338872.06806258
13,Hallands län,1382,Falkenberg,1,130.1,379835.140857494,6339834.65011275
13,Hallands län,1382,Falkenberg,1,130.1,382545.217335671,6338952.17319059
13,Hallands län,1382,Falkenberg,1,130.1,381889.322989684,6336605.59633803
13,Hallands län,1382,Falkenberg,1,130.1,383388.916064315,6335646.83469229
13,Hallands län,1382,Falkenberg,1,130.1,385125.493799534,6336875.77145843
13,Hallands län,1382,Falkenberg,1,130.1,387050.379791348,6335536.21674363
13,Hallands län,1382,Falkenberg,1,130.1,384120.996892184,6333157.74837877
13,Hallands län,1382,Falkenberg,1,130.1,384274.363188035,6329654.32778443
13,Hallands län,1382,Falkenberg,1,130.1,380742.200078042,6327874.45851225
13,Hallands län,1382,Falkenberg,1,130.1,379098.970802292,6323820.10091581
13,Hallands län,1382,Falkenberg,1,130.1,375022.589808279,6325044.28467613
13,Hallands län,1382,Falkenberg,1,130.1,372234.790584211,6321511.16029374
13,Hallands län,1382,Falkenberg,1,130.1,370230.770031776,6321516.47655529
13,Hallands län,1382,Falkenberg,1,130.1,368480.335769214,6316467.43261239
13,Hallands län,1382,Falkenberg,1,130.1,373975.904417573,6313552.84805157
13,Hallands län,1382,Falkenberg,1,130.1,371663.702402203,6310707.0238495
13,Hallands län,1382,Falkenberg,1,130.1,370882.236329192,6305357.5904615
13,Hallands län,1382,Falkenberg,1,130.1,367649.46990526,6303277.53642477
13,Hallands län,1382,Falkenberg,1,130.1,363048.04349743,6303350.21840387
13,Hallands län,1382,Falkenberg,1,130.1,356936.548452161,6298751.60150062
13,Hallands län,1382,Falkenberg,1,130.1,354719.361050878,6295561.18435513
13,Hallands län,1382,Falkenberg,1,130.1,354973.490816655,6300966.25718274
13,Hallands län,1382,Falkenberg,1,130.1,351509.942411919,6304139.67193519
13,Hallands län,1382,Falkenberg,1,130.1,346900.864167253,6307834.25888946
13,Hallands län,1382,Falkenberg,1,130.1,342273.536471861,6309518.70363042
13,Hallands län,1382,Falkenberg,1,130.1,339272.175346767,6313248.1873794
13,Hallands län,1382,Falkenberg,1,130.1,340255.059903365,6316766.83317811
13,Hallands län,1382,Falkenberg,1,130.1,340180.850791673,6319750.29835595
13,Hallands län,1382,Falkenberg,1,130.1,347554.132847622,6321242.6155366
13,Hallands län,1382,Falkenberg,1,130.1,350311.759695843,6318946.45109599
13,Hallands län,1382,Falkenberg,1,130.1,352023.257157839,6321787.13293754
13,Hallands län,1382,Falkenberg,1,130.1,355344.866101837,6322852.82601399
13,Hallands län,1382,Falkenberg,1,130.1,352631.504360915,6325545.28542394
13,Hallands län,1382,Falkenberg,1,130.1,353462.892222517,6327672.96592445
13,Hallands län,1382,Falkenberg,1,130.1,353146.344014234,6332129.81209514
13,Hallands län,1383,Varberg,1,131.1,353146.344014234,6332129.81209514
13,Hallands län,1383,Varberg,1,131.1,353462.892222517,6327672.96592445
13,Hallands län,1383,Varberg,1,131.1,352631.504360915,6325545.28542394
13,Hallands län,1383,Varberg,1,131.1,355344.866101837,6322852.82601399
13,Hallands län,1383,Varberg,1,131.1,352023.257157839,6321787.13293754
13,Hallands län,1383,Varberg,1,131.1,350311.759695843,6318946.45109599
13,Hallands län,1383,Varberg,1,131.1,347554.132847622,6321242.6155366
13,Hallands län,1383,Varberg,1,131.1,340180.850791673,6319750.29835595
13,Hallands län,1383,Varberg,1,131.1,338595.490948135,6323662.37116629
13,Hallands län,1383,Varberg,1,131.1,335780.57148257,6325565.01623409
13,Hallands län,1383,Varberg,1,131.1,334038.387220489,6329975.92471056
13,Hallands län,1383,Varberg,1,131.1,333505.151597426,6336274.06059706
13,Hallands län,1383,Varberg,1,131.1,330612.386669117,6341206.02091631
13,Hallands län,1383,Varberg,1,131.1,326878.80550745,6345823.15797598
13,Hallands län,1383,Varberg,1,131.1,327148.486459503,6350224.83719709
13,Hallands län,1383,Varberg,1,131.1,330127.977725621,6351727.31363331
13,Hallands län,1383,Varberg,1,131.1,329785.410739323,6354742.53944866
13,Hallands län,1383,Varberg,1,131.1,331936.297149388,6356504.05420591
13,Hallands län,1383,Varberg,1,131.1,337052.65957362,6355135.50861939
13,Hallands län,1383,Varberg,1,131.1,343257.826588838,6358456.28208361
13,Hallands län,1383,Varberg,1,131.1,345277.930407366,6355993.59685544
13,Hallands län,1383,Varberg,1,131.1,344901.124532886,6350597.09065376
13,Hallands län,1383,Varberg,1,131.1,349607.032914244,6351315.48245855
13,Hallands län,1383,Varberg,1,131.1,351115.765186149,6355991.83306057
13,Hallands län,1383,Varberg,1,131.1,358715.779780425,6357417.21664292
13,Hallands län,1383,Varberg,1,131.1,361858.744020956,6356688.88702334
13,Hallands län,1383,Varberg,1,131.1,367311.863770628,6351714.16204301
13,Hallands län,1383,Varberg,1,131.1,359524.530996432,6344747.5558664
13,Hallands län,1383,Varberg,1,131.1,356818.970068193,6343819.9942886
13,Hallands län,1383,Varberg,1,131.1,355944.331192068,6341295.99368526
13,Hallands län,1383,Varberg,1,131.1,357382.429924521,6337928.82780443
13,Hallands län,1383,Varberg,1,131.1,355469.403385432,6336919.71850066
13,Hallands län,1383,Varberg,1,131.1,356334.708680331,6333812.6331377
13,Hallands län,1383,Varberg,1,131.1,353146.344014234,6332129.81209514
13,Hallands län,1384,Kungsbacka,1,132.1,315862.264481445,6368993.08591936
13,Hallands län,1384,Kungsbacka,1,132.1,315553.294717286,6370773.37055976
13,Hallands län,1384,Kungsbacka,1,132.1,316061.799690916,6372810.22993414
13,Hallands län,1384,Kungsbacka,1,132.1,317719.279304397,6377316.30653998
13,Hallands län,1384,Kungsbacka,1,132.1,317514.748872829,6380230.18473161
13,Hallands län,1384,Kungsbacka,1,132.1,317381.46046983,6383960.44618476
13,Hallands län,1384,Kungsbacka,1,132.1,321331.024720575,6383973.42054819
13,Hallands län,1384,Kungsbacka,1,132.1,322773.441796762,6382439.4562621
13,Hallands län,1384,Kungsbacka,1,132.1,328803.293190304,6383592.52418275
13,Hallands län,1384,Kungsbacka,1,132.1,332896.246312249,6384999.41577915
13,Hallands län,1384,Kungsbacka,1,132.1,337707.087765941,6387897.03998708
13,Hallands län,1384,Kungsbacka,1,132.1,341061.131743225,6383702.26180614
13,Hallands län,1384,Kungsbacka,1,132.1,339929.371357663,6379446.15164326
13,Hallands län,1384,Kungsbacka,1,132.1,340885.238422745,6377562.56422163
13,Hallands län,1384,Kungsbacka,1,132.1,341435.402636643,6375251.38087311
13,Hallands län,1384,Kungsbacka,1,132.1,340755.69487519,6372733.68998867
13,Hallands län,1384,Kungsbacka,1,132.1,341353.767103703,6371437.51000633
13,Hallands län,1384,Kungsbacka,1,132.1,342885.280590597,6370818.05016537
13,Hallands län,1384,Kungsbacka,1,132.1,343775.983449104,6369707.2349811
13,Hallands län,1384,Kungsbacka,1,132.1,344514.504589605,6366091.99037653
13,Hallands län,1384,Kungsbacka,1,132.1,343257.826588838,6358456.28208361
13,Hallands län,1384,Kungsbacka,1,132.1,337052.65957362,6355135.50861939
13,Hallands län,1384,Kungsbacka,1,132.1,331936.297149388,6356504.05420591
13,Hallands län,1384,Kungsbacka,1,132.1,329785.410739323,6354742.53944866
13,Hallands län,1384,Kungsbacka,1,132.1,329277.798326115,6358527.36456002
13,Hallands län,1384,Kungsbacka,1,132.1,328446.793501855,6359578.90750288
13,Hallands län,1384,Kungsbacka,1,132.1,326339.235308092,6359053.20524673
13,Hallands län,1384,Kungsbacka,1,132.1,325566.466532603,6360166.39491821
13,Hallands län,1384,Kungsbacka,1,132.1,327053.521736863,6364133.77929579
13,Hallands län,1384,Kungsbacka,1,132.1,327237.415971395,6369438.9458503
13,Hallands län,1384,Kungsbacka,1,132.1,326686.574969992,6371809.05589841
13,Hallands län,1384,Kungsbacka,1,132.1,325566.039816463,6372497.33963716
13,Hallands län,1384,Kungsbacka,1,132.1,324346.2272538,6371277.55066566
13,Hallands län,1384,Kungsbacka,1,132.1,323433.141439562,6368635.21296284
13,Hallands län,1384,Kungsbacka,1,132.1,322018.716598827,6363181.55670378
13,Hallands län,1384,Kungsbacka,1,132.1,321271.158641666,6361495.65106957
13,Hallands län,1384,Kungsbacka,1,132.1,320221.413599894,6360935.51816257
13,Hallands län,1384,Kungsbacka,1,132.1,318808.135794831,6361617.34863596
13,Hallands län,1384,Kungsbacka,1,132.1,317849.919392134,6363619.81408132
13,Hallands län,1384,Kungsbacka,1,132.1,315862.264481445,6368993.08591936
14,Västra Götalands län,1401,Härryda,1,133.1,344640.876451862,6401954.85791465
14,Västra Götalands län,1401,Härryda,1,133.1,347442.38123517,6401364.56596082
14,Västra Götalands län,1401,Härryda,1,133.1,349754.582359205,6400823.39831939
14,Västra Götalands län,1401,Härryda,1,133.1,354645.178020518,6388794.10209642
14,Västra Götalands län,1401,Härryda,1,133.1,351570.355955146,6388833.4889886
14,Västra Götalands län,1401,Härryda,1,133.1,348466.166132062,6388402.79030427
14,Västra Götalands län,1401,Härryda,1,133.1,345930.951201138,6389712.90299958
14,Västra Götalands län,1401,Härryda,1,133.1,343884.437666365,6389009.93448889
14,Västra Götalands län,1401,Härryda,1,133.1,342398.151137341,6391119.08997338
14,Västra Götalands län,1401,Härryda,1,133.1,337707.087765941,6387897.03998708
14,Västra Götalands län,1401,Härryda,1,133.1,334432.121182901,6389979.90643153
14,Västra Götalands län,1401,Härryda,1,133.1,331253.911547568,6391155.41094428
14,Västra Götalands län,1401,Härryda,1,133.1,329259.587289571,6391109.70480107
14,Västra Götalands län,1401,Härryda,1,133.1,328032.292197662,6390604.37949229
14,Västra Götalands län,1401,Härryda,1,133.1,325662.113651928,6393168.70834631
14,Västra Götalands län,1401,Härryda,1,133.1,326241.805652253,6393838.22660001
14,Västra Götalands län,1401,Härryda,1,133.1,325239.869211995,6396315.88824257
14,Västra Götalands län,1401,Härryda,1,133.1,326702.190791642,6396807.01660781
14,Västra Götalands län,1401,Härryda,1,133.1,328552.580188164,6397525.65931727
14,Västra Götalands län,1401,Härryda,1,133.1,329610.512830324,6397313.37132955
14,Västra Götalands län,1401,Härryda,1,133.1,332686.203380723,6400720.10520128
14,Västra Götalands län,1401,Härryda,1,133.1,334106.430137012,6401389.64887062
14,Västra Götalands län,1401,Härryda,1,133.1,340009.14905623,6401725.79932853
14,Västra Götalands län,1401,Härryda,1,133.1,344640.876451862,6401954.85791465
14,Västra Götalands län,1402,Partille,1,134.1,327184.070362015,6405773.6814865
14,Västra Götalands län,1402,Partille,1,134.1,328174.840364678,6406333.17336848
14,Västra Götalands län,1402,Partille,1,134.1,331220.295150815,6406822.20467078
14,Västra Götalands län,1402,Partille,1,134.1,332453.871117889,6406632.02055741
14,Västra Götalands län,1402,Partille,1,134.1,333533.317559396,6404195.25188851
14,Västra Götalands län,1402,Partille,1,134.1,332717.394109245,6403639.84124279
14,Västra Götalands län,1402,Partille,1,134.1,333026.007291706,6401979.44634394
14,Västra Götalands län,1402,Partille,1,134.1,334106.430137012,6401389.64887062
14,Västra Götalands län,1402,Partille,1,134.1,332686.203380723,6400720.10520128
14,Västra Götalands län,1402,Partille,1,134.1,329610.512830324,6397313.37132955
14,Västra Götalands län,1402,Partille,1,134.1,328552.580188164,6397525.65931727
14,Västra Götalands län,1402,Partille,1,134.1,326702.190791642,6396807.01660781
14,Västra Götalands län,1402,Partille,1,134.1,325573.910226472,6402340.43545249
14,Västra Götalands län,1402,Partille,1,134.1,326921.627595835,6402551.37373164
14,Västra Götalands län,1402,Partille,1,134.1,326959.332120154,6404755.572344
14,Västra Götalands län,1402,Partille,1,134.1,327184.070362015,6405773.6814865
14,Västra Götalands län,1407,Öckerö,1,135.1,302859.807921561,6406141.45841219
14,Västra Götalands län,1407,Öckerö,1,135.1,304025.602245183,6406604.08276239
14,Västra Götalands län,1407,Öckerö,1,135.1,304806.010337477,6404685.5305945
14,Västra Götalands län,1407,Öckerö,1,135.1,303985.926794521,6403307.57481529
14,Västra Götalands län,1407,Öckerö,1,135.1,303269.972323307,6401242.26283502
14,Västra Götalands län,1407,Öckerö,1,135.1,303249.02911071,6399308.16850881
14,Västra Götalands län,1407,Öckerö,1,135.1,302922.118243314,6398058.0109835
14,Västra Götalands län,1407,Öckerö,1,135.1,302268.667113724,6397625.48721224
14,Västra Götalands län,1407,Öckerö,1,135.1,299330.685642704,6399869.13390259
14,Västra Götalands län,1407,Öckerö,1,135.1,299267.716714408,6400876.78556058
14,Västra Götalands län,1407,Öckerö,1,135.1,300690.564842685,6400733.82453061
14,Västra Götalands län,1407,Öckerö,1,135.1,300887.561126497,6401815.52808839
14,Västra Götalands län,1407,Öckerö,1,135.1,300488.311899905,6402275.49418125
14,Västra Götalands län,1407,Öckerö,1,135.1,300521.433259181,6403354.24617242
14,Västra Götalands län,1407,Öckerö,1,135.1,301564.334505963,6403226.75227581
14,Västra Götalands län,1407,Öckerö,1,135.1,301681.218659735,6405243.9448368
14,Västra Götalands län,1407,Öckerö,1,135.1,302859.807921561,6406141.45841219
14,Västra Götalands län,1407,Öckerö,2,135.2,297721.874055487,6405219.74435582
14,Västra Götalands län,1407,Öckerö,2,135.2,299266.624782835,6410780.83558445
14,Västra Götalands län,1407,Öckerö,2,135.2,301297.238219923,6408112.65073971
14,Västra Götalands län,1407,Öckerö,2,135.2,298701.266954637,6404801.67572751
14,Västra Götalands län,1407,Öckerö,2,135.2,297721.874055487,6405219.74435582
14,Västra Götalands län,1415,Stenungsund,1,136.1,324045.921719272,6433160.68481233
14,Västra Götalands län,1415,Stenungsund,1,136.1,323168.096505163,6433020.27032928
14,Västra Götalands län,1415,Stenungsund,1,136.1,322822.225267457,6432356.51739419
14,Västra Götalands län,1415,Stenungsund,1,136.1,322605.479578488,6430504.98327697
14,Västra Götalands län,1415,Stenungsund,1,136.1,322031.913127749,6429240.84236377
14,Västra Götalands län,1415,Stenungsund,1,136.1,314467.81234675,6428943.62938051
14,Västra Götalands län,1415,Stenungsund,1,136.1,309646.499260614,6430041.37283765
14,Västra Götalands län,1415,Stenungsund,1,136.1,312723.732167969,6433302.2595617
14,Västra Götalands län,1415,Stenungsund,1,136.1,313478.17070171,6435988.71933263
14,Västra Götalands län,1415,Stenungsund,1,136.1,313609.02584899,6438419.87253417
14,Västra Götalands län,1415,Stenungsund,1,136.1,313259.566594545,6440899.25738218
14,Västra Götalands län,1415,Stenungsund,1,136.1,313081.371553168,6443347.70525031
14,Västra Götalands län,1415,Stenungsund,1,136.1,314151.362988713,6444717.71270057
14,Västra Götalands län,1415,Stenungsund,1,136.1,315387.602182704,6446308.58482437
14,Västra Götalands län,1415,Stenungsund,1,136.1,316346.108527313,6448224.95750512
14,Västra Götalands län,1415,Stenungsund,1,136.1,316659.280693559,6451035.09058929
14,Västra Götalands län,1415,Stenungsund,1,136.1,319599.766042117,6450269.74181999
14,Västra Götalands län,1415,Stenungsund,1,136.1,320435.589863211,6448740.62100638
14,Västra Götalands län,1415,Stenungsund,1,136.1,323275.137731027,6448225.91124051
14,Västra Götalands län,1415,Stenungsund,1,136.1,324970.688291202,6446763.03962788
14,Västra Götalands län,1415,Stenungsund,1,136.1,325751.123208181,6444935.40619698
14,Västra Götalands län,1415,Stenungsund,1,136.1,325419.360697314,6442841.62096765
14,Västra Götalands län,1415,Stenungsund,1,136.1,326333.619055796,6439349.53171383
14,Västra Götalands län,1415,Stenungsund,1,136.1,325911.839391991,6436341.19064329
14,Västra Götalands län,1415,Stenungsund,1,136.1,324798.045275254,6434368.99298614
14,Västra Götalands län,1415,Stenungsund,1,136.1,324045.921719272,6433160.68481233
14,Västra Götalands län,1415,Stenungsund,2,136.2,310126.520266784,6441975.14213637
14,Västra Götalands län,1415,Stenungsund,2,136.2,310389.388658852,6443477.40977213
14,Västra Götalands län,1415,Stenungsund,2,136.2,310598.066000681,6444998.02086122
14,Västra Götalands län,1415,Stenungsund,2,136.2,311580.126599343,6444444.09836181
14,Västra Götalands län,1415,Stenungsund,2,136.2,311549.266663549,6443180.46586282
14,Västra Götalands län,1415,Stenungsund,2,136.2,310800.746079393,6442174.08970227
14,Västra Götalands län,1415,Stenungsund,2,136.2,310126.520266784,6441975.14213637
14,Västra Götalands län,1419,Tjörn,1,137.1,304888.055747312,6430981.95283312
14,Västra Götalands län,1419,Tjörn,1,137.1,304954.255761545,6430209.19414709
14,Västra Götalands län,1419,Tjörn,1,137.1,303961.5211762,6429650.66283131
14,Västra Götalands län,1419,Tjörn,1,137.1,302617.393146608,6429141.89846931
14,Västra Götalands län,1419,Tjörn,1,137.1,301920.118632796,6428529.92743595
14,Västra Götalands län,1419,Tjörn,1,137.1,301286.917257447,6427323.0859749
14,Västra Götalands län,1419,Tjörn,1,137.1,300768.468903201,6426298.49430277
14,Västra Götalands län,1419,Tjörn,1,137.1,298834.234371472,6426163.46593708
14,Västra Götalands län,1419,Tjörn,1,137.1,298473.522453231,6427078.60742919
14,Västra Götalands län,1419,Tjörn,1,137.1,298510.148695908,6429283.73472826
14,Västra Götalands län,1419,Tjörn,1,137.1,297390.013139613,6429853.00633827
14,Västra Götalands län,1419,Tjörn,1,137.1,296977.818614386,6430140.90216306
14,Västra Götalands län,1419,Tjörn,1,137.1,296619.308630641,6430787.22488704
14,Västra Götalands län,1419,Tjörn,1,137.1,296486.199175375,6432392.67770136
14,Västra Götalands län,1419,Tjörn,1,137.1,296711.175611382,6433470.72267036
14,Västra Götalands län,1419,Tjörn,1,137.1,297412.41616831,6433665.98592079
14,Västra Götalands län,1419,Tjörn,1,137.1,298994.611249001,6433821.81193248
14,Västra Götalands län,1419,Tjörn,1,137.1,299163.196482918,6434600.35938394
14,Västra Götalands län,1419,Tjörn,1,137.1,298977.973682506,6435548.57983814
14,Västra Götalands län,1419,Tjörn,1,137.1,296574.807013595,6435431.91371766
14,Västra Götalands län,1419,Tjörn,1,137.1,295574.83670809,6435646.82570015
14,Västra Götalands län,1419,Tjörn,1,137.1,295097.55276452,6436530.58246351
14,Västra Götalands län,1419,Tjörn,1,137.1,295087.459519199,6437541.85014217
14,Västra Götalands län,1419,Tjörn,1,137.1,295834.563704423,6439167.81853017
14,Västra Götalands län,1419,Tjörn,1,137.1,296534.245088314,6439660.88470394
14,Västra Götalands län,1419,Tjörn,1,137.1,297468.141797989,6440040.83158515
14,Västra Götalands län,1419,Tjörn,1,137.1,300759.808181726,6439402.59372983
14,Västra Götalands län,1419,Tjörn,1,137.1,301929.223940499,6439728.3866648
14,Västra Götalands län,1419,Tjörn,1,137.1,302626.066492285,6440459.29197818
14,Västra Götalands län,1419,Tjörn,1,137.1,303830.076612923,6443406.95627935
14,Västra Götalands län,1419,Tjörn,1,137.1,304352.919114988,6443895.92608161
14,Västra Götalands län,1419,Tjörn,1,137.1,305410.860710238,6443681.71396916
14,Västra Götalands län,1419,Tjörn,1,137.1,306651.180156784,6442758.0995604
14,Västra Götalands län,1419,Tjörn,1,137.1,306427.217416997,6441680.05110803
14,Västra Götalands län,1419,Tjörn,1,137.1,305675.818058514,6440412.80888726
14,Västra Götalands län,1419,Tjörn,1,137.1,306736.323217032,6439900.79224306
14,Västra Götalands län,1419,Tjörn,1,137.1,308544.202789801,6441075.74055777
14,Västra Götalands län,1419,Tjörn,1,137.1,309553.30454468,6439847.52496134
14,Västra Götalands län,1419,Tjörn,1,137.1,309687.981449047,6437945.25439786
14,Västra Götalands län,1419,Tjörn,1,137.1,309568.329763194,6435246.39999742
14,Västra Götalands län,1419,Tjörn,1,137.1,309027.260793382,6433521.93264279
14,Västra Götalands län,1419,Tjörn,1,137.1,308097.329910039,6432725.28503474
14,Västra Götalands län,1419,Tjörn,1,137.1,307333.27741462,6432767.13096689
14,Västra Götalands län,1419,Tjörn,1,137.1,307027.875726307,6434070.70571541
14,Västra Götalands län,1419,Tjörn,1,137.1,305911.29607452,6434341.20068961
14,Västra Götalands län,1419,Tjörn,1,137.1,305402.944045736,6432304.31982539
14,Västra Götalands län,1419,Tjörn,1,137.1,304888.055747312,6430981.95283312
14,Västra Götalands län,1421,Orust,1,138.1,314176.051294552,6446413.02265697
14,Västra Götalands län,1421,Orust,1,138.1,312070.003184124,6446184.94837368
14,Västra Götalands län,1421,Orust,1,138.1,310368.618837579,6445965.71374413
14,Västra Götalands län,1421,Orust,1,138.1,309758.669170451,6445824.49375627
14,Västra Götalands län,1421,Orust,1,138.1,308548.370151405,6445072.44371668
14,Västra Götalands län,1421,Orust,1,138.1,307417.438774987,6443367.91255551
14,Västra Götalands län,1421,Orust,1,138.1,306075.89208459,6443729.64792185
14,Västra Götalands län,1421,Orust,1,138.1,306286.625003221,6445162.32028831
14,Västra Götalands län,1421,Orust,1,138.1,305348.342767616,6446067.5653808
14,Västra Götalands län,1421,Orust,1,138.1,303632.437517806,6447313.28811201
14,Västra Götalands län,1421,Orust,1,138.1,302289.347545601,6448055.76409977
14,Västra Götalands län,1421,Orust,1,138.1,300291.877123929,6446857.56030604
14,Västra Götalands län,1421,Orust,1,138.1,299481.667153695,6445578.62370703
14,Västra Götalands län,1421,Orust,1,138.1,299027.407800057,6443868.20983276
14,Västra Götalands län,1421,Orust,1,138.1,298045.891370118,6442205.45483637
14,Västra Götalands län,1421,Orust,1,138.1,296741.538171905,6440879.63850621
14,Västra Götalands län,1421,Orust,1,138.1,295625.286208965,6440622.43613107
14,Västra Götalands län,1421,Orust,1,138.1,294707.393339402,6441077.18008091
14,Västra Götalands län,1421,Orust,1,138.1,294036.132644654,6441968.60833781
14,Västra Götalands län,1421,Orust,1,138.1,292896.139794307,6440855.64427509
14,Västra Götalands län,1421,Orust,1,138.1,292006.463156876,6441792.43373717
14,Västra Götalands län,1421,Orust,1,138.1,292598.072070359,6442297.21094616
14,Västra Götalands län,1421,Orust,1,138.1,293552.812310877,6443690.79468044
14,Västra Götalands län,1421,Orust,1,138.1,293896.204068737,6445145.02303233
14,Västra Götalands län,1421,Orust,1,138.1,293064.984724568,6446625.18821328
14,Västra Götalands län,1421,Orust,1,138.1,291787.568705934,6448143.96843237
14,Västra Götalands län,1421,Orust,1,138.1,290681.966795634,6449336.01146473
14,Västra Götalands län,1421,Orust,1,138.1,290452.83218445,6450611.49440725
14,Västra Götalands län,1421,Orust,1,138.1,289145.140586688,6450818.7056096
14,Västra Götalands län,1421,Orust,1,138.1,288321.599719275,6449569.60540188
14,Västra Götalands län,1421,Orust,1,138.1,287548.259998743,6449136.60147654
14,Västra Götalands län,1421,Orust,1,138.1,288683.470950426,6451899.52238879
14,Västra Götalands län,1421,Orust,1,138.1,290405.034527445,6454102.8068449
14,Västra Götalands län,1421,Orust,1,138.1,291930.950516752,6453615.38949251
14,Västra Götalands län,1421,Orust,1,138.1,293383.37421552,6453423.89709679
14,Västra Götalands län,1421,Orust,1,138.1,294496.774261835,6454252.73738804
14,Västra Götalands län,1421,Orust,1,138.1,295490.221832346,6455000.1944902
14,Västra Götalands län,1421,Orust,1,138.1,297282.837659914,6455610.30854766
14,Västra Götalands län,1421,Orust,1,138.1,298446.020778108,6456371.7960599
14,Västra Götalands län,1421,Orust,1,138.1,299997.422541084,6457345.79938914
14,Västra Götalands län,1421,Orust,1,138.1,301217.13764684,6458811.55201662
14,Västra Götalands län,1421,Orust,1,138.1,302551.66769154,6460286.68028567
14,Västra Götalands län,1421,Orust,1,138.1,303851.107005131,6460603.06595051
14,Västra Götalands län,1421,Orust,1,138.1,305257.008260638,6460292.10342731
14,Västra Götalands län,1421,Orust,1,138.1,306080.320576237,6460308.9629777
14,Västra Götalands län,1421,Orust,1,138.1,306442.286064469,6461628.52090965
14,Västra Götalands län,1421,Orust,1,138.1,306255.651497715,6463275.31925997
14,Västra Götalands län,1421,Orust,1,138.1,306597.232442265,6464878.48279579
14,Västra Götalands län,1421,Orust,1,138.1,308510.949745775,6465975.78377739
14,Västra Götalands län,1421,Orust,1,138.1,309681.997217047,6466165.72273793
14,Västra Götalands län,1421,Orust,1,138.1,311868.169921052,6465878.11158658
14,Västra Götalands län,1421,Orust,1,138.1,311828.805456632,6463825.8232835
14,Västra Götalands län,1421,Orust,1,138.1,312283.838263827,6461882.40806527
14,Västra Götalands län,1421,Orust,1,138.1,313384.856086637,6460994.12335919
14,Västra Götalands län,1421,Orust,1,138.1,314486.177397253,6460079.84275714
14,Västra Götalands län,1421,Orust,1,138.1,315544.659851331,6458653.35747416
14,Västra Götalands län,1421,Orust,1,138.1,315965.098724963,6457178.23799781
14,Västra Götalands län,1421,Orust,1,138.1,315245.187084978,6455285.71120085
14,Västra Götalands län,1421,Orust,1,138.1,314758.589197975,6453438.93972299
14,Västra Götalands län,1421,Orust,1,138.1,315035.574232785,6451172.57056943
14,Västra Götalands län,1421,Orust,1,138.1,314742.389523114,6448278.73312008
14,Västra Götalands län,1421,Orust,1,138.1,314176.051294552,6446413.02265697
14,Västra Götalands län,1421,Orust,2,138.2,295048.621328211,6459244.36203842
14,Västra Götalands län,1421,Orust,2,138.2,297577.483527261,6461465.34662603
14,Västra Götalands län,1421,Orust,2,138.2,300696.612542427,6461967.44302026
14,Västra Götalands län,1421,Orust,2,138.2,299781.78425655,6459829.74244734
14,Västra Götalands län,1421,Orust,2,138.2,298272.602043019,6458000.74687855
14,Västra Götalands län,1421,Orust,2,138.2,296156.868550473,6457082.93298271
14,Västra Götalands län,1421,Orust,2,138.2,293274.783180141,6456482.75690041
14,Västra Götalands län,1421,Orust,2,138.2,293878.289115093,6457829.18431523
14,Västra Götalands län,1421,Orust,2,138.2,295048.621328211,6459244.36203842
14,Västra Götalands län,1421,Orust,3,138.3,308467.627035602,6442631.90672762
14,Västra Götalands län,1421,Orust,3,138.3,309413.059406241,6444555.09996578
14,Västra Götalands län,1421,Orust,3,138.3,309689.600687958,6442490.61792637
14,Västra Götalands län,1421,Orust,3,138.3,308467.627035602,6442631.90672762
14,Västra Götalands län,1427,Sotenäs,1,139.1,285662.843398446,6476036.61587578
14,Västra Götalands län,1427,Sotenäs,1,139.1,285088.636376323,6474750.50600689
14,Västra Götalands län,1427,Sotenäs,1,139.1,283109.068508166,6473565.46633686
14,Västra Götalands län,1427,Sotenäs,1,139.1,281078.238318099,6473572.08640641
14,Västra Götalands län,1427,Sotenäs,1,139.1,280816.29653288,6474663.26495391
14,Västra Götalands län,1427,Sotenäs,1,139.1,282439.72144929,6476543.60234809
14,Västra Götalands län,1427,Sotenäs,1,139.1,282191.975968439,6477867.81967094
14,Västra Götalands län,1427,Sotenäs,1,139.1,282019.54915987,6479410.80561468
14,Västra Götalands län,1427,Sotenäs,1,139.1,281925.800672785,6481392.46499064
14,Västra Götalands län,1427,Sotenäs,1,139.1,282419.780551929,6482867.49224255
14,Västra Götalands län,1427,Sotenäs,1,139.1,283552.56071693,6483160.92721681
14,Västra Götalands län,1427,Sotenäs,1,139.1,283919.852113361,6481536.33233902
14,Västra Götalands län,1427,Sotenäs,1,139.1,284634.874131839,6481414.99489864
14,Västra Götalands län,1427,Sotenäs,1,139.1,285875.157851636,6482161.43312643
14,Västra Götalands län,1427,Sotenäs,1,139.1,286206.660043864,6483517.59742803
14,Västra Götalands län,1427,Sotenäs,1,139.1,285890.598938746,6485036.87670982
14,Västra Götalands län,1427,Sotenäs,1,139.1,285786.370729784,6486641.64622138
14,Västra Götalands län,1427,Sotenäs,1,139.1,292866.542061745,6489350.12123104
14,Västra Götalands län,1427,Sotenäs,1,139.1,293969.249464002,6486656.98673375
14,Västra Götalands län,1427,Sotenäs,1,139.1,294974.355524667,6485766.60081383
14,Västra Götalands län,1427,Sotenäs,1,139.1,290288.283140122,6475933.21018284
14,Västra Götalands län,1427,Sotenäs,1,139.1,288481.621460328,6474246.54796776
14,Västra Götalands län,1427,Sotenäs,1,139.1,287052.179109228,6474772.06550224
14,Västra Götalands län,1427,Sotenäs,1,139.1,286512.69959746,6475838.94221966
14,Västra Götalands län,1427,Sotenäs,1,139.1,285662.843398446,6476036.61587578
01,Stockholms län,0162,Danderyd,1,14.1,670435.912578057,6590899.56827494
01,Stockholms län,0162,Danderyd,1,14.1,671262.369334589,6592170.38570807
01,Stockholms län,0162,Danderyd,1,14.1,671307.476149803,6593067.78047438
01,Stockholms län,0162,Danderyd,1,14.1,672124.643732149,6593290.65178711
01,Stockholms län,0162,Danderyd,1,14.1,672575.319396674,6593888.01963452
01,Stockholms län,0162,Danderyd,1,14.1,673381.18496567,6593063.92674703
01,Stockholms län,0162,Danderyd,1,14.1,673144.174852015,6591418.32164977
01,Stockholms län,0162,Danderyd,1,14.1,675706.070643084,6590815.48828738
01,Stockholms län,0162,Danderyd,1,14.1,675717.097904022,6589245.87031911
01,Stockholms län,0162,Danderyd,1,14.1,675334.37641378,6587908.44237578
01,Stockholms län,0162,Danderyd,1,14.1,673846.11208957,6586134.70140811
01,Stockholms län,0162,Danderyd,1,14.1,670314.462936029,6588381.52095815
01,Stockholms län,0162,Danderyd,1,14.1,670568.285417514,6589217.45965429
01,Stockholms län,0162,Danderyd,1,14.1,670435.912578057,6590899.56827494
14,Västra Götalands län,1430,Munkedal,1,140.1,320129.523377468,6504490.23825079
14,Västra Götalands län,1430,Munkedal,1,140.1,316195.04509724,6501475.59855941
14,Västra Götalands län,1430,Munkedal,1,140.1,316082.566753052,6493041.0675576
14,Västra Götalands län,1430,Munkedal,1,140.1,319852.860255735,6490841.65725524
14,Västra Götalands län,1430,Munkedal,1,140.1,317697.762860466,6489454.53598191
14,Västra Götalands län,1430,Munkedal,1,140.1,318896.063409247,6485711.07919493
14,Västra Götalands län,1430,Munkedal,1,140.1,320298.619995699,6482851.54942123
14,Västra Götalands län,1430,Munkedal,1,140.1,316550.352605298,6480636.79865764
14,Västra Götalands län,1430,Munkedal,1,140.1,314838.519932208,6481787.57934244
14,Västra Götalands län,1430,Munkedal,1,140.1,308876.399161574,6479503.29690638
14,Västra Götalands län,1430,Munkedal,1,140.1,307109.204744429,6480354.57277614
14,Västra Götalands län,1430,Munkedal,1,140.1,302402.811691052,6477702.60928702
14,Västra Götalands län,1430,Munkedal,1,140.1,300537.207364567,6486751.86557789
14,Västra Götalands län,1430,Munkedal,1,140.1,298300.134611557,6487533.51613783
14,Västra Götalands län,1430,Munkedal,1,140.1,294974.355524667,6485766.60081383
14,Västra Götalands län,1430,Munkedal,1,140.1,293969.249464002,6486656.98673375
14,Västra Götalands län,1430,Munkedal,1,140.1,292866.542061745,6489350.12123104
14,Västra Götalands län,1430,Munkedal,1,140.1,292105.771036825,6491198.86512154
14,Västra Götalands län,1430,Munkedal,1,140.1,292316.776527665,6493765.86221508
14,Västra Götalands län,1430,Munkedal,1,140.1,294056.317955404,6495712.61446673
14,Västra Götalands län,1430,Munkedal,1,140.1,295350.469244736,6495386.3764876
14,Västra Götalands län,1430,Munkedal,1,140.1,296336.004151831,6496540.5419409
14,Västra Götalands län,1430,Munkedal,1,140.1,295821.118732032,6501293.52693053
14,Västra Götalands län,1430,Munkedal,1,140.1,297441.894638536,6503475.73392109
14,Västra Götalands län,1430,Munkedal,1,140.1,297353.390395309,6506511.86863885
14,Västra Götalands län,1430,Munkedal,1,140.1,299969.40282533,6508956.93220626
14,Västra Götalands län,1430,Munkedal,1,140.1,304404.730597428,6505308.47349256
14,Västra Götalands län,1430,Munkedal,1,140.1,306456.239717722,6505416.1154372
14,Västra Götalands län,1430,Munkedal,1,140.1,307782.116151605,6507770.7000586
14,Västra Götalands län,1430,Munkedal,1,140.1,306816.515568281,6510607.42681601
14,Västra Götalands län,1430,Munkedal,1,140.1,307676.381313329,6512652.60068479
14,Västra Götalands län,1430,Munkedal,1,140.1,308852.458936272,6518398.44395394
14,Västra Götalands län,1430,Munkedal,1,140.1,309954.138442505,6519617.01271234
14,Västra Götalands län,1430,Munkedal,1,140.1,309455.949026159,6522642.25927618
14,Västra Götalands län,1430,Munkedal,1,140.1,309749.891971883,6525037.42633143
14,Västra Götalands län,1430,Munkedal,1,140.1,313257.705312036,6524305.1465443
14,Västra Götalands län,1430,Munkedal,1,140.1,314149.075384615,6519587.6007363
14,Västra Götalands län,1430,Munkedal,1,140.1,316604.738575999,6517591.33560331
14,Västra Götalands län,1430,Munkedal,1,140.1,316385.180310018,6514328.55057516
14,Västra Götalands län,1430,Munkedal,1,140.1,321257.954827968,6511212.01583105
14,Västra Götalands län,1430,Munkedal,1,140.1,320129.523377468,6504490.23825079
14,Västra Götalands län,1435,Tanum,1,141.1,283117.685905923,6497395.01096387
14,Västra Götalands län,1435,Tanum,1,141.1,285556.63367229,6500932.20869704
14,Västra Götalands län,1435,Tanum,1,141.1,282932.906646142,6510841.59392276
14,Västra Götalands län,1435,Tanum,1,141.1,278852.34883703,6518230.90034555
14,Västra Götalands län,1435,Tanum,1,141.1,279519.702932622,6527951.00229603
14,Västra Götalands län,1435,Tanum,1,141.1,284041.468063737,6530559.98302187
14,Västra Götalands län,1435,Tanum,1,141.1,287738.498761393,6530289.76920947
14,Västra Götalands län,1435,Tanum,1,141.1,288371.56236975,6531495.67758843
14,Västra Götalands län,1435,Tanum,1,141.1,289601.303568399,6531704.40217523
14,Västra Götalands län,1435,Tanum,1,141.1,290623.602284138,6529226.22099229
14,Västra Götalands län,1435,Tanum,1,141.1,295050.034452394,6532368.77572332
14,Västra Götalands län,1435,Tanum,1,141.1,295618.975169805,6534168.57052862
14,Västra Götalands län,1435,Tanum,1,141.1,298558.409981797,6532083.28329937
14,Västra Götalands län,1435,Tanum,1,141.1,307121.01723416,6535843.45526617
14,Västra Götalands län,1435,Tanum,1,141.1,310090.818114901,6532072.48611011
14,Västra Götalands län,1435,Tanum,1,141.1,309966.129640423,6529069.7046169
14,Västra Götalands län,1435,Tanum,1,141.1,308914.545132402,6526764.35209541
14,Västra Götalands län,1435,Tanum,1,141.1,309749.891971883,6525037.42633143
14,Västra Götalands län,1435,Tanum,1,141.1,309455.949026159,6522642.25927618
14,Västra Götalands län,1435,Tanum,1,141.1,309954.138442505,6519617.01271234
14,Västra Götalands län,1435,Tanum,1,141.1,308852.458936272,6518398.44395394
14,Västra Götalands län,1435,Tanum,1,141.1,307676.381313329,6512652.60068479
14,Västra Götalands län,1435,Tanum,1,141.1,306816.515568281,6510607.42681601
14,Västra Götalands län,1435,Tanum,1,141.1,307782.116151605,6507770.7000586
14,Västra Götalands län,1435,Tanum,1,141.1,306456.239717722,6505416.1154372
14,Västra Götalands län,1435,Tanum,1,141.1,304404.730597428,6505308.47349256
14,Västra Götalands län,1435,Tanum,1,141.1,299969.40282533,6508956.93220626
14,Västra Götalands län,1435,Tanum,1,141.1,297353.390395309,6506511.86863885
14,Västra Götalands län,1435,Tanum,1,141.1,297441.894638536,6503475.73392109
14,Västra Götalands län,1435,Tanum,1,141.1,295821.118732032,6501293.52693053
14,Västra Götalands län,1435,Tanum,1,141.1,296336.004151831,6496540.5419409
14,Västra Götalands län,1435,Tanum,1,141.1,295350.469244736,6495386.3764876
14,Västra Götalands län,1435,Tanum,1,141.1,294056.317955404,6495712.61446673
14,Västra Götalands län,1435,Tanum,1,141.1,292316.776527665,6493765.86221508
14,Västra Götalands län,1435,Tanum,1,141.1,292105.771036825,6491198.86512154
14,Västra Götalands län,1435,Tanum,1,141.1,292866.542061745,6489350.12123104
14,Västra Götalands län,1435,Tanum,1,141.1,285786.370729784,6486641.64622138
14,Västra Götalands län,1435,Tanum,1,141.1,283117.685905923,6497395.01096387
14,Västra Götalands län,1438,Dals-Ed,1,142.1,308893.434475091,6544252.00350027
14,Västra Götalands län,1438,Dals-Ed,1,142.1,311068.335864027,6549783.11094199
14,Västra Götalands län,1438,Dals-Ed,1,142.1,315404.097730602,6556378.77760396
14,Västra Götalands län,1438,Dals-Ed,1,142.1,314268.120536948,6558496.83377272
14,Västra Götalands län,1438,Dals-Ed,1,142.1,314940.079033834,6567804.67385392
14,Västra Götalands län,1438,Dals-Ed,1,142.1,318606.032812454,6570610.49045
14,Västra Götalands län,1438,Dals-Ed,1,142.1,322402.245757746,6566204.93093649
14,Västra Götalands län,1438,Dals-Ed,1,142.1,322149.207796131,6562006.21818109
14,Västra Götalands län,1438,Dals-Ed,1,142.1,325453.782499782,6561062.72985653
14,Västra Götalands län,1438,Dals-Ed,1,142.1,329719.590458371,6554187.1374769
14,Västra Götalands län,1438,Dals-Ed,1,142.1,330011.828188439,6551342.24692033
14,Västra Götalands län,1438,Dals-Ed,1,142.1,332489.458970905,6546460.87944077
14,Västra Götalands län,1438,Dals-Ed,1,142.1,332321.654835712,6543058.72075293
14,Västra Götalands län,1438,Dals-Ed,1,142.1,334282.451985349,6542655.63048828
14,Västra Götalands län,1438,Dals-Ed,1,142.1,334178.395173941,6539849.91054572
14,Västra Götalands län,1438,Dals-Ed,1,142.1,332485.358747002,6539018.91317345
14,Västra Götalands län,1438,Dals-Ed,1,142.1,331787.87121245,6536275.00819808
14,Västra Götalands län,1438,Dals-Ed,1,142.1,333046.301961942,6534938.92841252
14,Västra Götalands län,1438,Dals-Ed,1,142.1,330926.362014248,6528318.00175314
14,Västra Götalands län,1438,Dals-Ed,1,142.1,328547.710405524,6528564.17480936
14,Västra Götalands län,1438,Dals-Ed,1,142.1,324893.314697957,6521966.78093129
14,Västra Götalands län,1438,Dals-Ed,1,142.1,317932.369356478,6521209.2790764
14,Västra Götalands län,1438,Dals-Ed,1,142.1,316604.738575999,6517591.33560331
14,Västra Götalands län,1438,Dals-Ed,1,142.1,314149.075384615,6519587.6007363
14,Västra Götalands län,1438,Dals-Ed,1,142.1,313257.705312036,6524305.1465443
14,Västra Götalands län,1438,Dals-Ed,1,142.1,309749.891971883,6525037.42633143
14,Västra Götalands län,1438,Dals-Ed,1,142.1,308914.545132402,6526764.35209541
14,Västra Götalands län,1438,Dals-Ed,1,142.1,309966.129640423,6529069.7046169
14,Västra Götalands län,1438,Dals-Ed,1,142.1,310090.818114901,6532072.48611011
14,Västra Götalands län,1438,Dals-Ed,1,142.1,307121.01723416,6535843.45526617
14,Västra Götalands län,1438,Dals-Ed,1,142.1,308872.51120492,6540438.95245657
14,Västra Götalands län,1438,Dals-Ed,1,142.1,308893.434475091,6544252.00350027
14,Västra Götalands län,1439,Färgelanda,1,143.1,320129.523377468,6504490.23825079
14,Västra Götalands län,1439,Färgelanda,1,143.1,321257.954827968,6511212.01583105
14,Västra Götalands län,1439,Färgelanda,1,143.1,316385.180310018,6514328.55057516
14,Västra Götalands län,1439,Färgelanda,1,143.1,316604.738575999,6517591.33560331
14,Västra Götalands län,1439,Färgelanda,1,143.1,317932.369356478,6521209.2790764
14,Västra Götalands län,1439,Färgelanda,1,143.1,324893.314697957,6521966.78093129
14,Västra Götalands län,1439,Färgelanda,1,143.1,327026.972540989,6520071.55673887
14,Västra Götalands län,1439,Färgelanda,1,143.1,332791.699986541,6521488.26735865
14,Västra Götalands län,1439,Färgelanda,1,143.1,336956.283775189,6516769.04085253
14,Västra Götalands län,1439,Färgelanda,1,143.1,338344.815569673,6509854.54800034
14,Västra Götalands län,1439,Färgelanda,1,143.1,335373.284243367,6503388.31673309
14,Västra Götalands län,1439,Färgelanda,1,143.1,332908.094162997,6500358.32675361
14,Västra Götalands län,1439,Färgelanda,1,143.1,330886.579102773,6489101.25408779
14,Västra Götalands län,1439,Färgelanda,1,143.1,328780.391779514,6486301.49685573
14,Västra Götalands län,1439,Färgelanda,1,143.1,329083.373761039,6481710.7058625
14,Västra Götalands län,1439,Färgelanda,1,143.1,322751.72502976,6484308.19358859
14,Västra Götalands län,1439,Färgelanda,1,143.1,320298.619995699,6482851.54942123
14,Västra Götalands län,1439,Färgelanda,1,143.1,318896.063409247,6485711.07919493
14,Västra Götalands län,1439,Färgelanda,1,143.1,317697.762860466,6489454.53598191
14,Västra Götalands län,1439,Färgelanda,1,143.1,319852.860255735,6490841.65725524
14,Västra Götalands län,1439,Färgelanda,1,143.1,316082.566753052,6493041.0675576
14,Västra Götalands län,1439,Färgelanda,1,143.1,316195.04509724,6501475.59855941
14,Västra Götalands län,1439,Färgelanda,1,143.1,320129.523377468,6504490.23825079
14,Västra Götalands län,1440,Ale,1,144.1,331717.869600906,6434392.69935288
14,Västra Götalands län,1440,Ale,1,144.1,333702.865132445,6435471.82863553
14,Västra Götalands län,1440,Ale,1,144.1,334995.760359875,6435085.50591283
14,Västra Götalands län,1440,Ale,1,144.1,336518.643818274,6435359.55227994
14,Västra Götalands län,1440,Ale,1,144.1,337328.725001208,6436569.57158518
14,Västra Götalands län,1440,Ale,1,144.1,337781.390625489,6438249.06091473
14,Västra Götalands län,1440,Ale,1,144.1,342554.26920675,6442054.06086947
14,Västra Götalands län,1440,Ale,1,144.1,343176.252084654,6444451.18996025
14,Västra Götalands län,1440,Ale,1,144.1,344551.051675705,6445324.16907948
14,Västra Götalands län,1440,Ale,1,144.1,346461.959348487,6444409.52985774
14,Västra Götalands län,1440,Ale,1,144.1,348202.193510455,6442305.4838766
14,Västra Götalands län,1440,Ale,1,144.1,347614.335031184,6440564.39297157
14,Västra Götalands län,1440,Ale,1,144.1,345462.618886654,6438547.75062625
14,Västra Götalands län,1440,Ale,1,144.1,344717.59873112,6436743.81807757
14,Västra Götalands län,1440,Ale,1,144.1,344672.010738759,6435373.02088666
14,Västra Götalands län,1440,Ale,1,144.1,346524.216519455,6431841.0819884
14,Västra Götalands län,1440,Ale,1,144.1,344317.350895377,6429586.93534066
14,Västra Götalands län,1440,Ale,1,144.1,341746.160248404,6428632.73808812
14,Västra Götalands län,1440,Ale,1,144.1,340598.842533106,6425865.54454505
14,Västra Götalands län,1440,Ale,1,144.1,340049.973634038,6421860.18918637
14,Västra Götalands län,1440,Ale,1,144.1,339715.155158887,6420185.1208103
14,Västra Götalands län,1440,Ale,1,144.1,338254.479444702,6419555.02981869
14,Västra Götalands län,1440,Ale,1,144.1,334453.158438318,6418334.33341099
14,Västra Götalands län,1440,Ale,1,144.1,331478.108278231,6416634.7744374
14,Västra Götalands län,1440,Ale,1,144.1,328266.612982688,6415151.29239956
14,Västra Götalands län,1440,Ale,1,144.1,326054.680707619,6413490.84059198
14,Västra Götalands län,1440,Ale,1,144.1,323609.915978295,6411407.85482255
14,Västra Götalands län,1440,Ale,1,144.1,323596.864862018,6412837.88630653
14,Västra Götalands län,1440,Ale,1,144.1,323409.068492618,6415930.87742071
14,Västra Götalands län,1440,Ale,1,144.1,327762.412169297,6424908.76291158
14,Västra Götalands län,1440,Ale,1,144.1,329790.831474248,6427457.55395285
14,Västra Götalands län,1440,Ale,1,144.1,330541.254954386,6428725.81555773
14,Västra Götalands län,1440,Ale,1,144.1,330234.424791985,6430148.34365012
14,Västra Götalands län,1440,Ale,1,144.1,331717.869600906,6434392.69935288
14,Västra Götalands län,1441,Lerum,1,145.1,344640.876451862,6401954.85791465
14,Västra Götalands län,1441,Lerum,1,145.1,340009.14905623,6401725.79932853
14,Västra Götalands län,1441,Lerum,1,145.1,334106.430137012,6401389.64887062
14,Västra Götalands län,1441,Lerum,1,145.1,333026.007291706,6401979.44634394
14,Västra Götalands län,1441,Lerum,1,145.1,332717.394109245,6403639.84124279
14,Västra Götalands län,1441,Lerum,1,145.1,333533.317559396,6404195.25188851
14,Västra Götalands län,1441,Lerum,1,145.1,332453.871117889,6406632.02055741
14,Västra Götalands län,1441,Lerum,1,145.1,335128.460679978,6409057.55062976
14,Västra Götalands län,1441,Lerum,1,145.1,333351.208343536,6410922.31697461
14,Västra Götalands län,1441,Lerum,1,145.1,333027.121700059,6414130.66314726
14,Västra Götalands län,1441,Lerum,1,145.1,331478.108278231,6416634.7744374
14,Västra Götalands län,1441,Lerum,1,145.1,334453.158438318,6418334.33341099
14,Västra Götalands län,1441,Lerum,1,145.1,338254.479444702,6419555.02981869
14,Västra Götalands län,1441,Lerum,1,145.1,339715.155158887,6420185.1208103
14,Västra Götalands län,1441,Lerum,1,145.1,340049.973634038,6421860.18918637
14,Västra Götalands län,1441,Lerum,1,145.1,340598.842533106,6425865.54454505
14,Västra Götalands län,1441,Lerum,1,145.1,341746.160248404,6428632.73808812
14,Västra Götalands län,1441,Lerum,1,145.1,344317.350895377,6429586.93534066
14,Västra Götalands län,1441,Lerum,1,145.1,346524.216519455,6431841.0819884
14,Västra Götalands län,1441,Lerum,1,145.1,349399.695577272,6431671.52866404
14,Västra Götalands län,1441,Lerum,1,145.1,351171.486626328,6430521.31811919
14,Västra Götalands län,1441,Lerum,1,145.1,348274.685999135,6426700.77406139
14,Västra Götalands län,1441,Lerum,1,145.1,347007.887463309,6424228.98155212
14,Västra Götalands län,1441,Lerum,1,145.1,346217.237026772,6421053.26265573
14,Västra Götalands län,1441,Lerum,1,145.1,345883.562469103,6419198.28875417
14,Västra Götalands län,1441,Lerum,1,145.1,346184.263536902,6418371.32583337
14,Västra Götalands län,1441,Lerum,1,145.1,347182.856497455,6418276.29601283
14,Västra Götalands län,1441,Lerum,1,145.1,347660.135244381,6417393.46400788
14,Västra Götalands län,1441,Lerum,1,145.1,347823.856932214,6412631.99805513
14,Västra Götalands län,1441,Lerum,1,145.1,350799.820875622,6408055.96289256
14,Västra Götalands län,1441,Lerum,1,145.1,350693.402914711,6406921.29827312
14,Västra Götalands län,1441,Lerum,1,145.1,350112.393278909,6405857.94521781
14,Västra Götalands län,1441,Lerum,1,145.1,347442.38123517,6401364.56596082
14,Västra Götalands län,1441,Lerum,1,145.1,344640.876451862,6401954.85791465
14,Västra Götalands län,1442,Vårgårda,1,146.1,361618.74729975,6414790.4009023
14,Västra Götalands län,1442,Vårgårda,1,146.1,360598.082299664,6426703.95863836
14,Västra Götalands län,1442,Vårgårda,1,146.1,357711.44513197,6427805.89643574
14,Västra Götalands län,1442,Vårgårda,1,146.1,355368.7458311,6432069.64396715
14,Västra Götalands län,1442,Vårgårda,1,146.1,358130.766950687,6437215.94050238
14,Västra Götalands län,1442,Vårgårda,1,146.1,364821.801687227,6441017.95810488
14,Västra Götalands län,1442,Vårgårda,1,146.1,372604.099185312,6443165.93028521
14,Västra Götalands län,1442,Vårgårda,1,146.1,376859.983155315,6442994.92533173
14,Västra Götalands län,1442,Vårgårda,1,146.1,375891.746459535,6440212.75671498
14,Västra Götalands län,1442,Vårgårda,1,146.1,373844.485433996,6439819.47379468
14,Västra Götalands län,1442,Vårgårda,1,146.1,374447.211786112,6436136.55878107
14,Västra Götalands län,1442,Vårgårda,1,146.1,379384.844673378,6433615.84753976
14,Västra Götalands län,1442,Vårgårda,1,146.1,380172.325924726,6426092.03433684
14,Västra Götalands län,1442,Vårgårda,1,146.1,376855.542891777,6422612.19592992
14,Västra Götalands län,1442,Vårgårda,1,146.1,374501.831587851,6421850.48364095
14,Västra Götalands län,1442,Vårgårda,1,146.1,369783.458739664,6415296.54255421
14,Västra Götalands län,1442,Vårgårda,1,146.1,361618.74729975,6414790.4009023
14,Västra Götalands län,1443,Bollebygd,1,147.1,352271.566409224,6404403.46593441
14,Västra Götalands län,1443,Bollebygd,1,147.1,357247.840120268,6409526.05502801
14,Västra Götalands län,1443,Bollebygd,1,147.1,356686.020978634,6411800.14309386
14,Västra Götalands län,1443,Bollebygd,1,147.1,361618.74729975,6414790.4009023
14,Västra Götalands län,1443,Bollebygd,1,147.1,367315.087667577,6415032.83280468
14,Västra Götalands län,1443,Bollebygd,1,147.1,367151.496833392,6412398.1429063
14,Västra Götalands län,1443,Bollebygd,1,147.1,365510.360185132,6411013.39476149
14,Västra Götalands län,1443,Bollebygd,1,147.1,363664.866823344,6410406.3052431
14,Västra Götalands län,1443,Bollebygd,1,147.1,363192.492240718,6409133.04096948
14,Västra Götalands län,1443,Bollebygd,1,147.1,365359.436964948,6407306.23022933
14,Västra Götalands län,1443,Bollebygd,1,147.1,363862.287494761,6402022.84776727
14,Västra Götalands län,1443,Bollebygd,1,147.1,362900.001475483,6400938.74982076
14,Västra Götalands län,1443,Bollebygd,1,147.1,364578.394581133,6399203.55130319
14,Västra Götalands län,1443,Bollebygd,1,147.1,366645.564028016,6397570.42095908
14,Västra Götalands län,1443,Bollebygd,1,147.1,366271.773196548,6396200.88623129
14,Västra Götalands län,1443,Bollebygd,1,147.1,366666.450511184,6395815.48296784
14,Västra Götalands län,1443,Bollebygd,1,147.1,358723.886817729,6391333.09165842
14,Västra Götalands län,1443,Bollebygd,1,147.1,359695.451406783,6389133.02011848
14,Västra Götalands län,1443,Bollebygd,1,147.1,354645.178020518,6388794.10209642
14,Västra Götalands län,1443,Bollebygd,1,147.1,349754.582359205,6400823.39831939
14,Västra Götalands län,1443,Bollebygd,1,147.1,347442.38123517,6401364.56596082
14,Västra Götalands län,1443,Bollebygd,1,147.1,350112.393278909,6405857.94521781
14,Västra Götalands län,1443,Bollebygd,1,147.1,352271.566409224,6404403.46593441
14,Västra Götalands län,1444,Grästorp,1,148.1,357757.647657358,6455960.58489237
14,Västra Götalands län,1444,Grästorp,1,148.1,354826.770217393,6456664.10951232
14,Västra Götalands län,1444,Grästorp,1,148.1,357391.50395597,6461831.10747122
14,Västra Götalands län,1444,Grästorp,1,148.1,356460.921389117,6464340.62568168
14,Västra Götalands län,1444,Grästorp,1,148.1,353150.381847885,6464614.80120175
14,Västra Götalands län,1444,Grästorp,1,148.1,350881.982418919,6468335.62050784
14,Västra Götalands län,1444,Grästorp,1,148.1,354130.199784735,6472425.40311933
14,Västra Götalands län,1444,Grästorp,1,148.1,361723.311732838,6475916.67783363
14,Västra Götalands län,1444,Grästorp,1,148.1,366082.766404676,6473607.18267513
14,Västra Götalands län,1444,Grästorp,1,148.1,373713.790055735,6477446.78829693
14,Västra Götalands län,1444,Grästorp,1,148.1,373643.024880398,6473096.14351624
14,Västra Götalands län,1444,Grästorp,1,148.1,370998.869192335,6470887.55382934
14,Västra Götalands län,1444,Grästorp,1,148.1,370391.244459026,6467129.18688528
14,Västra Götalands län,1444,Grästorp,1,148.1,372953.927122757,6463042.98902275
14,Västra Götalands län,1444,Grästorp,1,148.1,371903.08413083,6460737.57451752
14,Västra Götalands län,1444,Grästorp,1,148.1,369412.641061123,6461799.18181731
14,Västra Götalands län,1444,Grästorp,1,148.1,367102.444545334,6460829.99618115
14,Västra Götalands län,1444,Grästorp,1,148.1,364677.828270266,6462488.08711643
14,Västra Götalands län,1444,Grästorp,1,148.1,363759.32070129,6459565.59833889
14,Västra Götalands län,1444,Grästorp,1,148.1,357757.647657358,6455960.58489237
14,Västra Götalands län,1445,Essunga,1,149.1,363547.724017046,6446512.85886769
14,Västra Götalands län,1445,Essunga,1,149.1,364598.584882344,6448818.23226903
14,Västra Götalands län,1445,Essunga,1,149.1,362367.468993176,6452266.72550814
14,Västra Götalands län,1445,Essunga,1,149.1,357458.842269071,6451364.43700527
14,Västra Götalands län,1445,Essunga,1,149.1,354588.345780887,6452869.26285613
14,Västra Götalands län,1445,Essunga,1,149.1,354826.770217393,6456664.10951232
14,Västra Götalands län,1445,Essunga,1,149.1,357757.647657358,6455960.58489237
14,Västra Götalands län,1445,Essunga,1,149.1,363759.32070129,6459565.59833889
14,Västra Götalands län,1445,Essunga,1,149.1,364677.828270266,6462488.08711643
14,Västra Götalands län,1445,Essunga,1,149.1,367102.444545334,6460829.99618115
14,Västra Götalands län,1445,Essunga,1,149.1,369412.641061123,6461799.18181731
14,Västra Götalands län,1445,Essunga,1,149.1,371903.08413083,6460737.57451752
14,Västra Götalands län,1445,Essunga,1,149.1,373685.323767182,6458388.12084199
14,Västra Götalands län,1445,Essunga,1,149.1,371737.596077414,6455359.33735528
14,Västra Götalands län,1445,Essunga,1,149.1,376266.919152473,6451465.55099351
14,Västra Götalands län,1445,Essunga,1,149.1,376785.422183013,6449981.50026226
14,Västra Götalands län,1445,Essunga,1,149.1,373821.527386109,6448426.81450519
14,Västra Götalands län,1445,Essunga,1,149.1,377834.336867625,6446017.05337798
14,Västra Götalands län,1445,Essunga,1,149.1,378365.741261058,6443536.66806941
14,Västra Götalands län,1445,Essunga,1,149.1,376859.983155315,6442994.92533173
14,Västra Götalands län,1445,Essunga,1,149.1,372604.099185312,6443165.93028521
14,Västra Götalands län,1445,Essunga,1,149.1,364821.801687227,6441017.95810488
14,Västra Götalands län,1445,Essunga,1,149.1,363547.724017046,6446512.85886769
01,Stockholms län,0163,Sollentuna,1,15.1,665733.991573708,6599286.11707069
01,Stockholms län,0163,Sollentuna,1,15.1,666358.70749749,6598723.79510563
01,Stockholms län,0163,Sollentuna,1,15.1,667133.862095548,6598535.23557594
01,Stockholms län,0163,Sollentuna,1,15.1,667978.07819472,6597598.63661252
01,Stockholms län,0163,Sollentuna,1,15.1,667894.703596028,6596476.80980152
01,Stockholms län,0163,Sollentuna,1,15.1,668814.377735286,6595914.06214413
01,Stockholms län,0163,Sollentuna,1,15.1,669813.591326493,6595800.2011633
01,Stockholms län,0163,Sollentuna,1,15.1,671307.476149803,6593067.78047438
01,Stockholms län,0163,Sollentuna,1,15.1,671262.369334589,6592170.38570807
01,Stockholms län,0163,Sollentuna,1,15.1,670435.912578057,6590899.56827494
01,Stockholms län,0163,Sollentuna,1,15.1,670568.285417514,6589217.45965429
01,Stockholms län,0163,Sollentuna,1,15.1,670314.462936029,6588381.52095815
01,Stockholms län,0163,Sollentuna,1,15.1,669016.451034057,6587657.90802674
01,Stockholms län,0163,Sollentuna,1,15.1,668235.636654402,6589221.18368459
01,Stockholms län,0163,Sollentuna,1,15.1,666757.967261947,6589709.18019395
01,Stockholms län,0163,Sollentuna,1,15.1,665987.565369921,6590495.70335748
01,Stockholms län,0163,Sollentuna,1,15.1,665295.245758253,6591769.08940634
01,Stockholms län,0163,Sollentuna,1,15.1,664557.184088676,6592032.09767663
01,Stockholms län,0163,Sollentuna,1,15.1,663808.621550246,6591347.14237609
01,Stockholms län,0163,Sollentuna,1,15.1,663255.188458661,6591473.41129093
01,Stockholms län,0163,Sollentuna,1,15.1,663085.350899542,6593194.0479619
01,Stockholms län,0163,Sollentuna,1,15.1,662758.787667256,6593904.96406159
01,Stockholms län,0163,Sollentuna,1,15.1,661650.419355118,6594281.45875018
01,Stockholms län,0163,Sollentuna,1,15.1,661360.122823097,6594804.84032398
01,Stockholms län,0163,Sollentuna,1,15.1,661215.791110686,6595329.00179581
01,Stockholms län,0163,Sollentuna,1,15.1,660182.86475719,6595667.41264705
01,Stockholms län,0163,Sollentuna,1,15.1,660757.502021705,6596513.22418883
01,Stockholms län,0163,Sollentuna,1,15.1,662865.227695368,6597494.62198247
01,Stockholms län,0163,Sollentuna,1,15.1,663096.385262596,6598467.25883902
01,Stockholms län,0163,Sollentuna,1,15.1,664503.537104118,6598352.35044614
01,Stockholms län,0163,Sollentuna,1,15.1,665733.991573708,6599286.11707069
14,Västra Götalands län,1446,Karlsborg,1,150.1,457726.467632561,6509222.85686311
14,Västra Götalands län,1446,Karlsborg,1,150.1,463272.298569541,6510462.09495801
14,Västra Götalands län,1446,Karlsborg,1,150.1,465460.561220645,6517843.4798108
14,Västra Götalands län,1446,Karlsborg,1,150.1,468648.300278941,6517593.97459547
14,Västra Götalands län,1446,Karlsborg,1,150.1,469190.726460363,6509482.70957124
14,Västra Götalands län,1446,Karlsborg,1,150.1,473215.32014739,6509468.14983419
14,Västra Götalands län,1446,Karlsborg,1,150.1,473693.098812415,6506396.09525608
14,Västra Götalands län,1446,Karlsborg,1,150.1,476607.053591795,6507302.80318615
14,Västra Götalands län,1446,Karlsborg,1,150.1,478291.761161162,6511760.35452267
14,Västra Götalands län,1446,Karlsborg,1,150.1,481718.880359202,6511807.58518772
14,Västra Götalands län,1446,Karlsborg,1,150.1,483850.368407594,6506880.10181294
14,Västra Götalands län,1446,Karlsborg,1,150.1,480926.607642756,6503211.3300405
14,Västra Götalands län,1446,Karlsborg,1,150.1,476066.320959368,6500895.78507073
14,Västra Götalands län,1446,Karlsborg,1,150.1,473384.896848933,6498356.533446
14,Västra Götalands län,1446,Karlsborg,1,150.1,473263.828081046,6493539.96111298
14,Västra Götalands län,1446,Karlsborg,1,150.1,472790.579704018,6489163.99667888
14,Västra Götalands län,1446,Karlsborg,1,150.1,470273.577989912,6482583.3669975
14,Västra Götalands län,1446,Karlsborg,1,150.1,467920.917429469,6481216.66826399
14,Västra Götalands län,1446,Karlsborg,1,150.1,464789.02059668,6473894.0306278
14,Västra Götalands län,1446,Karlsborg,1,150.1,459114.732143847,6473942.959552
14,Västra Götalands län,1446,Karlsborg,1,150.1,459934.944046446,6477815.21907405
14,Västra Götalands län,1446,Karlsborg,1,150.1,462723.406196518,6481349.24491835
14,Västra Götalands län,1446,Karlsborg,1,150.1,461035.711398327,6487961.30403536
14,Västra Götalands län,1446,Karlsborg,1,150.1,460790.79584274,6491875.76900347
14,Västra Götalands län,1446,Karlsborg,1,150.1,461350.234485752,6494566.39943044
14,Västra Götalands län,1446,Karlsborg,1,150.1,460704.019026805,6497851.30278764
14,Västra Götalands län,1446,Karlsborg,1,150.1,457773.742402746,6498555.79419309
14,Västra Götalands län,1446,Karlsborg,1,150.1,458462.905844817,6504922.47448375
14,Västra Götalands län,1446,Karlsborg,1,150.1,456433.268599292,6506540.39706799
14,Västra Götalands län,1446,Karlsborg,1,150.1,457726.467632561,6509222.85686311
14,Västra Götalands län,1447,Gullspång,1,151.1,442646.73088161,6529148.90839877
14,Västra Götalands län,1447,Gullspång,1,151.1,443725.797012441,6535407.27138383
14,Västra Götalands län,1447,Gullspång,1,151.1,442700.836976283,6540743.63771789
14,Västra Götalands län,1447,Gullspång,1,151.1,449314.227406336,6544953.71059533
14,Västra Götalands län,1447,Gullspång,1,151.1,454670.146186093,6545025.35283065
14,Västra Götalands län,1447,Gullspång,1,151.1,457934.40162987,6540254.70810255
14,Västra Götalands län,1447,Gullspång,1,151.1,460134.149656452,6528346.07826736
14,Västra Götalands län,1447,Gullspång,1,151.1,463683.86998982,6525761.9135501
14,Västra Götalands län,1447,Gullspång,1,151.1,461126.87339861,6521780.69683393
14,Västra Götalands län,1447,Gullspång,1,151.1,458183.363647634,6520843.61831814
14,Västra Götalands län,1447,Gullspång,1,151.1,454615.401635113,6521210.48886934
14,Västra Götalands län,1447,Gullspång,1,151.1,453874.566650854,6518067.85237677
14,Västra Götalands län,1447,Gullspång,1,151.1,449880.497297141,6518210.69424957
14,Västra Götalands län,1447,Gullspång,1,151.1,449841.167364005,6528944.74163907
14,Västra Götalands län,1447,Gullspång,1,151.1,442646.73088161,6529148.90839877
14,Västra Götalands län,1452,Tranemo,1,152.1,398201.930686467,6394596.52808797
14,Västra Götalands län,1452,Tranemo,1,152.1,398971.117357993,6388751.5044723
14,Västra Götalands län,1452,Tranemo,1,152.1,400427.557814811,6387394.48616843
14,Västra Götalands län,1452,Tranemo,1,152.1,402164.100169005,6388623.54621968
14,Västra Götalands län,1452,Tranemo,1,152.1,404787.82133263,6386944.5608947
14,Västra Götalands län,1452,Tranemo,1,152.1,408463.614761476,6387571.98406583
14,Västra Götalands län,1452,Tranemo,1,152.1,412656.399984217,6392972.33235665
14,Västra Götalands län,1452,Tranemo,1,152.1,416956.407255213,6390114.82439286
14,Västra Götalands län,1452,Tranemo,1,152.1,422966.254381447,6396870.25565333
14,Västra Götalands län,1452,Tranemo,1,152.1,424635.02947988,6392541.07761937
14,Västra Götalands län,1452,Tranemo,1,152.1,423695.595905662,6389419.31855983
14,Västra Götalands län,1452,Tranemo,1,152.1,420945.605748542,6388094.2097855
14,Västra Götalands län,1452,Tranemo,1,152.1,420687.130137457,6385706.22336458
14,Västra Götalands län,1452,Tranemo,1,152.1,421138.257172769,6380630.91252684
14,Västra Götalands län,1452,Tranemo,1,152.1,420198.784437157,6377509.17082787
14,Västra Götalands län,1452,Tranemo,1,152.1,417384.912405323,6375587.62210258
14,Västra Götalands län,1452,Tranemo,1,152.1,410385.129089986,6364642.6138105
14,Västra Götalands län,1452,Tranemo,1,152.1,408962.794609998,6360766.56579454
14,Västra Götalands län,1452,Tranemo,1,152.1,405553.493061627,6358905.01369378
14,Västra Götalands län,1452,Tranemo,1,152.1,405471.446053884,6356298.2807796
14,Västra Götalands län,1452,Tranemo,1,152.1,402787.36808127,6355569.80427705
14,Västra Götalands län,1452,Tranemo,1,152.1,401756.832409358,6353463.60036638
14,Västra Götalands län,1452,Tranemo,1,152.1,397171.941217218,6352460.73616332
14,Västra Götalands län,1452,Tranemo,1,152.1,394384.622731516,6352011.92123146
14,Västra Götalands län,1452,Tranemo,1,152.1,393013.77936346,6354164.60896844
14,Västra Götalands län,1452,Tranemo,1,152.1,394991.768151284,6355770.27861437
14,Västra Götalands län,1452,Tranemo,1,152.1,395070.331496013,6360188.0466252
14,Västra Götalands län,1452,Tranemo,1,152.1,392779.108850831,6361229.3555702
14,Västra Götalands län,1452,Tranemo,1,152.1,393696.979382026,6364151.81055038
14,Västra Götalands län,1452,Tranemo,1,152.1,394042.029648208,6367334.34783356
14,Västra Götalands län,1452,Tranemo,1,152.1,392500.127561441,6367895.76691241
14,Västra Götalands län,1452,Tranemo,1,152.1,392625.380549909,6370900.77393139
14,Västra Götalands län,1452,Tranemo,1,152.1,395443.682365951,6371012.18504354
14,Västra Götalands län,1452,Tranemo,1,152.1,396994.695665406,6376082.1419642
14,Västra Götalands län,1452,Tranemo,1,152.1,394897.082695959,6378912.84104323
14,Västra Götalands län,1452,Tranemo,1,152.1,391574.379459507,6377846.86734436
14,Västra Götalands län,1452,Tranemo,1,152.1,388840.058998475,6380343.14238056
14,Västra Götalands län,1452,Tranemo,1,152.1,393490.905899028,6390590.4121018
14,Västra Götalands län,1452,Tranemo,1,152.1,398201.930686467,6394596.52808797
14,Västra Götalands län,1460,Bengtsfors,1,153.1,332485.358747002,6539018.91317345
14,Västra Götalands län,1460,Bengtsfors,1,153.1,334178.395173941,6539849.91054572
14,Västra Götalands län,1460,Bengtsfors,1,153.1,334282.451985349,6542655.63048828
14,Västra Götalands län,1460,Bengtsfors,1,153.1,332321.654835712,6543058.72075293
14,Västra Götalands län,1460,Bengtsfors,1,153.1,332489.458970905,6546460.87944077
14,Västra Götalands län,1460,Bengtsfors,1,153.1,330011.828188439,6551342.24692033
14,Västra Götalands län,1460,Bengtsfors,1,153.1,329719.590458371,6554187.1374769
14,Västra Götalands län,1460,Bengtsfors,1,153.1,325453.782499782,6561062.72985653
14,Västra Götalands län,1460,Bengtsfors,1,153.1,322149.207796131,6562006.21818109
14,Västra Götalands län,1460,Bengtsfors,1,153.1,322402.245757746,6566204.93093649
14,Västra Götalands län,1460,Bengtsfors,1,153.1,318606.032812454,6570610.49045
14,Västra Götalands län,1460,Bengtsfors,1,153.1,326041.824205748,6573256.0811061
14,Västra Götalands län,1460,Bengtsfors,1,153.1,333480.965022657,6565639.36115721
14,Västra Götalands län,1460,Bengtsfors,1,153.1,332562.333048143,6573990.66485868
14,Västra Götalands län,1460,Bengtsfors,1,153.1,342202.453552659,6573797.55449569
14,Västra Götalands län,1460,Bengtsfors,1,153.1,343960.82587893,6565761.15122939
14,Västra Götalands län,1460,Bengtsfors,1,153.1,348391.082255128,6563892.76200221
14,Västra Götalands län,1460,Bengtsfors,1,153.1,352720.163296694,6564853.64515455
14,Västra Götalands län,1460,Bengtsfors,1,153.1,354952.478666272,6558945.75263499
14,Västra Götalands län,1460,Bengtsfors,1,153.1,351847.599791056,6553116.27033955
14,Västra Götalands län,1460,Bengtsfors,1,153.1,350827.125263502,6538135.85041252
14,Västra Götalands län,1460,Bengtsfors,1,153.1,352727.048586342,6535325.26621131
14,Västra Götalands län,1460,Bengtsfors,1,153.1,352021.741843531,6526346.49912555
14,Västra Götalands län,1460,Bengtsfors,1,153.1,350285.203754631,6525720.8880538
14,Västra Götalands län,1460,Bengtsfors,1,153.1,348389.159778188,6526720.48935663
14,Västra Götalands län,1460,Bengtsfors,1,153.1,345217.901573417,6527048.069785
14,Västra Götalands län,1460,Bengtsfors,1,153.1,342046.666640989,6527374.64785205
14,Västra Götalands län,1460,Bengtsfors,1,153.1,339521.718832992,6524415.79980044
14,Västra Götalands län,1460,Bengtsfors,1,153.1,341318.44522159,6518799.51107692
14,Västra Götalands län,1460,Bengtsfors,1,153.1,336956.283775189,6516769.04085253
14,Västra Götalands län,1460,Bengtsfors,1,153.1,332791.699986541,6521488.26735865
14,Västra Götalands län,1460,Bengtsfors,1,153.1,327026.972540989,6520071.55673887
14,Västra Götalands län,1460,Bengtsfors,1,153.1,324893.314697957,6521966.78093129
14,Västra Götalands län,1460,Bengtsfors,1,153.1,328547.710405524,6528564.17480936
14,Västra Götalands län,1460,Bengtsfors,1,153.1,330926.362014248,6528318.00175314
14,Västra Götalands län,1460,Bengtsfors,1,153.1,333046.301961942,6534938.92841252
14,Västra Götalands län,1460,Bengtsfors,1,153.1,331787.87121245,6536275.00819808
14,Västra Götalands län,1460,Bengtsfors,1,153.1,332485.358747002,6539018.91317345
14,Västra Götalands län,1461,Mellerud,1,154.1,357708.53913102,6505446.00864625
14,Västra Götalands län,1461,Mellerud,1,154.1,363653.810609542,6504833.86561462
14,Västra Götalands län,1461,Mellerud,1,154.1,364847.458258049,6502900.22961729
14,Västra Götalands län,1461,Mellerud,1,154.1,361969.260352435,6500380.90520446
14,Västra Götalands län,1461,Mellerud,1,154.1,358500.416287986,6496111.42073127
14,Västra Götalands län,1461,Mellerud,1,154.1,355972.859173635,6491276.57272268
14,Västra Götalands län,1461,Mellerud,1,154.1,350133.300900653,6496571.56434736
14,Västra Götalands län,1461,Mellerud,1,154.1,348065.518688577,6495980.01688189
14,Västra Götalands län,1461,Mellerud,1,154.1,335373.284243367,6503388.31673309
14,Västra Götalands län,1461,Mellerud,1,154.1,338344.815569673,6509854.54800034
14,Västra Götalands län,1461,Mellerud,1,154.1,336956.283775189,6516769.04085253
14,Västra Götalands län,1461,Mellerud,1,154.1,341318.44522159,6518799.51107692
14,Västra Götalands län,1461,Mellerud,1,154.1,339521.718832992,6524415.79980044
14,Västra Götalands län,1461,Mellerud,1,154.1,342046.666640989,6527374.64785205
14,Västra Götalands län,1461,Mellerud,1,154.1,345217.901573417,6527048.069785
14,Västra Götalands län,1461,Mellerud,1,154.1,348389.159778188,6526720.48935663
14,Västra Götalands län,1461,Mellerud,1,154.1,350285.203754631,6525720.8880538
14,Västra Götalands län,1461,Mellerud,1,154.1,352021.741843531,6526346.49912555
14,Västra Götalands län,1461,Mellerud,1,154.1,358969.648275533,6521406.85603073
14,Västra Götalands län,1461,Mellerud,1,154.1,354934.14730322,6514984.59711032
14,Västra Götalands län,1461,Mellerud,1,154.1,355036.734409597,6508537.22342026
14,Västra Götalands län,1461,Mellerud,1,154.1,357708.53913102,6505446.00864625
14,Västra Götalands län,1462,Lilla Edet,1,155.1,331717.869600906,6434392.69935288
14,Västra Götalands län,1462,Lilla Edet,1,155.1,325911.839391991,6436341.19064329
14,Västra Götalands län,1462,Lilla Edet,1,155.1,326333.619055796,6439349.53171383
14,Västra Götalands län,1462,Lilla Edet,1,155.1,325419.360697314,6442841.62096765
14,Västra Götalands län,1462,Lilla Edet,1,155.1,325751.123208181,6444935.40619698
14,Västra Götalands län,1462,Lilla Edet,1,155.1,324970.688291202,6446763.03962788
14,Västra Götalands län,1462,Lilla Edet,1,155.1,323275.137731027,6448225.91124051
14,Västra Götalands län,1462,Lilla Edet,1,155.1,322607.862673547,6451538.03514474
14,Västra Götalands län,1462,Lilla Edet,1,155.1,324542.294660739,6452746.51785823
14,Västra Götalands län,1462,Lilla Edet,1,155.1,325261.642746612,6455688.47246364
14,Västra Götalands län,1462,Lilla Edet,1,155.1,330226.496271349,6460809.09158148
14,Västra Götalands län,1462,Lilla Edet,1,155.1,332532.984308959,6465416.17733407
14,Västra Götalands län,1462,Lilla Edet,1,155.1,334010.714673735,6464369.4746135
14,Västra Götalands län,1462,Lilla Edet,1,155.1,334318.728784763,6462769.05611683
14,Västra Götalands län,1462,Lilla Edet,1,155.1,337975.678720211,6460769.98623112
14,Västra Götalands län,1462,Lilla Edet,1,155.1,334035.206868421,6455732.5553818
14,Västra Götalands län,1462,Lilla Edet,1,155.1,334229.583514905,6453771.97270734
14,Västra Götalands län,1462,Lilla Edet,1,155.1,333853.694638618,6450189.45279635
14,Västra Götalands län,1462,Lilla Edet,1,155.1,337056.946679511,6446511.83447977
14,Västra Götalands län,1462,Lilla Edet,1,155.1,344551.051675705,6445324.16907948
14,Västra Götalands län,1462,Lilla Edet,1,155.1,343176.252084654,6444451.18996025
14,Västra Götalands län,1462,Lilla Edet,1,155.1,342554.26920675,6442054.06086947
14,Västra Götalands län,1462,Lilla Edet,1,155.1,337781.390625489,6438249.06091473
14,Västra Götalands län,1462,Lilla Edet,1,155.1,337328.725001208,6436569.57158518
14,Västra Götalands län,1462,Lilla Edet,1,155.1,336518.643818274,6435359.55227994
14,Västra Götalands län,1462,Lilla Edet,1,155.1,334995.760359875,6435085.50591283
14,Västra Götalands län,1462,Lilla Edet,1,155.1,333702.865132445,6435471.82863553
14,Västra Götalands län,1462,Lilla Edet,1,155.1,331717.869600906,6434392.69935288
14,Västra Götalands län,1463,Mark,1,156.1,358715.779780425,6357417.21664292
14,Västra Götalands län,1463,Mark,1,156.1,351115.765186149,6355991.83306057
14,Västra Götalands län,1463,Mark,1,156.1,349607.032914244,6351315.48245855
14,Västra Götalands län,1463,Mark,1,156.1,344901.124532886,6350597.09065376
14,Västra Götalands län,1463,Mark,1,156.1,345277.930407366,6355993.59685544
14,Västra Götalands län,1463,Mark,1,156.1,343257.826588838,6358456.28208361
14,Västra Götalands län,1463,Mark,1,156.1,344514.504589605,6366091.99037653
14,Västra Götalands län,1463,Mark,1,156.1,343775.983449104,6369707.2349811
14,Västra Götalands län,1463,Mark,1,156.1,342885.280590597,6370818.05016537
14,Västra Götalands län,1463,Mark,1,156.1,341353.767103703,6371437.51000633
14,Västra Götalands län,1463,Mark,1,156.1,340755.69487519,6372733.68998867
14,Västra Götalands län,1463,Mark,1,156.1,341435.402636643,6375251.38087311
14,Västra Götalands län,1463,Mark,1,156.1,340885.238422745,6377562.56422163
14,Västra Götalands län,1463,Mark,1,156.1,339929.371357663,6379446.15164326
14,Västra Götalands län,1463,Mark,1,156.1,341061.131743225,6383702.26180614
14,Västra Götalands län,1463,Mark,1,156.1,337707.087765941,6387897.03998708
14,Västra Götalands län,1463,Mark,1,156.1,342398.151137341,6391119.08997338
14,Västra Götalands län,1463,Mark,1,156.1,343884.437666365,6389009.93448889
14,Västra Götalands län,1463,Mark,1,156.1,345930.951201138,6389712.90299958
14,Västra Götalands län,1463,Mark,1,156.1,348466.166132062,6388402.79030427
14,Västra Götalands län,1463,Mark,1,156.1,351570.355955146,6388833.4889886
14,Västra Götalands län,1463,Mark,1,156.1,354645.178020518,6388794.10209642
14,Västra Götalands län,1463,Mark,1,156.1,359695.451406783,6389133.02011848
14,Västra Götalands län,1463,Mark,1,156.1,358891.405601531,6385390.42788715
14,Västra Götalands län,1463,Mark,1,156.1,361785.511813497,6380459.45750609
14,Västra Götalands län,1463,Mark,1,156.1,367758.705994891,6385477.86407968
14,Västra Götalands län,1463,Mark,1,156.1,372791.642557974,6381732.64711535
14,Västra Götalands län,1463,Mark,1,156.1,378273.9376278,6383154.11317441
14,Västra Götalands län,1463,Mark,1,156.1,371181.204064485,6370900.09934326
14,Västra Götalands län,1463,Mark,1,156.1,371645.860546621,6369645.26812775
14,Västra Götalands län,1463,Mark,1,156.1,373848.037850714,6369619.42857339
14,Västra Götalands län,1463,Mark,1,156.1,372576.170609466,6367136.60321661
14,Västra Götalands län,1463,Mark,1,156.1,373463.243258457,6364227.63169243
14,Västra Götalands län,1463,Mark,1,156.1,372036.489045162,6362162.76863401
14,Västra Götalands län,1463,Mark,1,156.1,373561.215233374,6359591.18369883
14,Västra Götalands län,1463,Mark,1,156.1,367311.863770628,6351714.16204301
14,Västra Götalands län,1463,Mark,1,156.1,361858.744020956,6356688.88702334
14,Västra Götalands län,1463,Mark,1,156.1,358715.779780425,6357417.21664292
14,Västra Götalands län,1465,Svenljunga,1,157.1,393696.979382026,6364151.81055038
14,Västra Götalands län,1465,Svenljunga,1,157.1,392779.108850831,6361229.3555702
14,Västra Götalands län,1465,Svenljunga,1,157.1,395070.331496013,6360188.0466252
14,Västra Götalands län,1465,Svenljunga,1,157.1,394991.768151284,6355770.27861437
14,Västra Götalands län,1465,Svenljunga,1,157.1,393013.77936346,6354164.60896844
14,Västra Götalands län,1465,Svenljunga,1,157.1,394384.622731516,6352011.92123146
14,Västra Götalands län,1465,Svenljunga,1,157.1,397171.941217218,6352460.73616332
14,Västra Götalands län,1465,Svenljunga,1,157.1,395761.374790194,6346237.05802363
14,Västra Götalands län,1465,Svenljunga,1,157.1,393072.879441299,6347318.68249412
14,Västra Götalands län,1465,Svenljunga,1,157.1,391207.495790401,6344896.77468847
14,Västra Götalands län,1465,Svenljunga,1,157.1,390008.317261841,6339388.30408594
14,Västra Götalands län,1465,Svenljunga,1,157.1,387050.379791348,6335536.21674363
14,Västra Götalands län,1465,Svenljunga,1,157.1,385125.493799534,6336875.77145843
14,Västra Götalands län,1465,Svenljunga,1,157.1,383388.916064315,6335646.83469229
14,Västra Götalands län,1465,Svenljunga,1,157.1,381889.322989684,6336605.59633803
14,Västra Götalands län,1465,Svenljunga,1,157.1,382545.217335671,6338952.17319059
14,Västra Götalands län,1465,Svenljunga,1,157.1,379835.140857494,6339834.65011275
14,Västra Götalands län,1465,Svenljunga,1,157.1,375521.741017951,6338872.06806258
14,Västra Götalands län,1465,Svenljunga,1,157.1,375156.403541201,6344743.72771473
14,Västra Götalands län,1465,Svenljunga,1,157.1,376454.405512414,6345615.65984824
14,Västra Götalands län,1465,Svenljunga,1,157.1,375213.399877457,6348961.23749664
14,Västra Götalands län,1465,Svenljunga,1,157.1,370831.686212217,6349212.17681728
14,Västra Götalands län,1465,Svenljunga,1,157.1,367311.863770628,6351714.16204301
14,Västra Götalands län,1465,Svenljunga,1,157.1,373561.215233374,6359591.18369883
14,Västra Götalands län,1465,Svenljunga,1,157.1,372036.489045162,6362162.76863401
14,Västra Götalands län,1465,Svenljunga,1,157.1,373463.243258457,6364227.63169243
14,Västra Götalands län,1465,Svenljunga,1,157.1,372576.170609466,6367136.60321661
14,Västra Götalands län,1465,Svenljunga,1,157.1,373848.037850714,6369619.42857339
14,Västra Götalands län,1465,Svenljunga,1,157.1,371645.860546621,6369645.26812775
14,Västra Götalands län,1465,Svenljunga,1,157.1,371181.204064485,6370900.09934326
14,Västra Götalands län,1465,Svenljunga,1,157.1,378273.9376278,6383154.11317441
14,Västra Götalands län,1465,Svenljunga,1,157.1,386858.582013985,6389799.8857426
14,Västra Götalands län,1465,Svenljunga,1,157.1,387182.916955552,6392783.25804547
14,Västra Götalands län,1465,Svenljunga,1,157.1,390482.967942895,6393650.10813517
14,Västra Götalands län,1465,Svenljunga,1,157.1,393490.905899028,6390590.4121018
14,Västra Götalands län,1465,Svenljunga,1,157.1,388840.058998475,6380343.14238056
14,Västra Götalands län,1465,Svenljunga,1,157.1,391574.379459507,6377846.86734436
14,Västra Götalands län,1465,Svenljunga,1,157.1,394897.082695959,6378912.84104323
14,Västra Götalands län,1465,Svenljunga,1,157.1,396994.695665406,6376082.1419642
14,Västra Götalands län,1465,Svenljunga,1,157.1,395443.682365951,6371012.18504354
14,Västra Götalands län,1465,Svenljunga,1,157.1,392625.380549909,6370900.77393139
14,Västra Götalands län,1465,Svenljunga,1,157.1,392500.127561441,6367895.76691241
14,Västra Götalands län,1465,Svenljunga,1,157.1,394042.029648208,6367334.34783356
14,Västra Götalands län,1465,Svenljunga,1,157.1,393696.979382026,6364151.81055038
14,Västra Götalands län,1466,Herrljunga,1,158.1,392561.603225921,6438694.83216285
14,Västra Götalands län,1466,Herrljunga,1,158.1,395707.730092014,6439978.82048187
14,Västra Götalands län,1466,Herrljunga,1,158.1,399916.716299188,6438137.02568777
14,Västra Götalands län,1466,Herrljunga,1,158.1,400153.033573952,6431072.23914297
14,Västra Götalands län,1466,Herrljunga,1,158.1,403425.337093007,6427985.78960225
14,Västra Götalands län,1466,Herrljunga,1,158.1,401884.396234902,6424859.88339296
14,Västra Götalands län,1466,Herrljunga,1,158.1,397813.347564887,6424273.56669005
14,Västra Götalands län,1466,Herrljunga,1,158.1,394497.895042307,6419586.25716019
14,Västra Götalands län,1466,Herrljunga,1,158.1,388432.414755779,6417864.72567175
14,Västra Götalands län,1466,Herrljunga,1,158.1,387695.065527535,6419684.03513262
14,Västra Götalands län,1466,Herrljunga,1,158.1,381201.101899936,6418946.90208643
14,Västra Götalands län,1466,Herrljunga,1,158.1,376855.542891777,6422612.19592992
14,Västra Götalands län,1466,Herrljunga,1,158.1,380172.325924726,6426092.03433684
14,Västra Götalands län,1466,Herrljunga,1,158.1,379384.844673378,6433615.84753976
14,Västra Götalands län,1466,Herrljunga,1,158.1,374447.211786112,6436136.55878107
14,Västra Götalands län,1466,Herrljunga,1,158.1,373844.485433996,6439819.47379468
14,Västra Götalands län,1466,Herrljunga,1,158.1,375891.746459535,6440212.75671498
14,Västra Götalands län,1466,Herrljunga,1,158.1,376859.983155315,6442994.92533173
14,Västra Götalands län,1466,Herrljunga,1,158.1,378365.741261058,6443536.66806941
14,Västra Götalands län,1466,Herrljunga,1,158.1,381940.483706546,6442404.99328895
14,Västra Götalands län,1466,Herrljunga,1,158.1,389886.302690138,6443596.43571789
14,Västra Götalands län,1466,Herrljunga,1,158.1,393546.384060515,6444693.68133305
14,Västra Götalands län,1466,Herrljunga,1,158.1,392561.603225921,6438694.83216285
14,Västra Götalands län,1470,Vara,1,159.1,395000.9506715,6469219.22786106
14,Västra Götalands län,1470,Vara,1,159.1,397557.520767992,6468151.39128962
14,Västra Götalands län,1470,Vara,1,159.1,397677.665124518,6463712.96216206
14,Västra Götalands län,1470,Vara,1,159.1,402478.484125728,6463620.53641345
14,Västra Götalands län,1470,Vara,1,159.1,406207.074886449,6460419.7263727
14,Västra Götalands län,1470,Vara,1,159.1,403485.999152074,6456275.08932819
14,Västra Götalands län,1470,Vara,1,159.1,399711.563961812,6451032.40215726
14,Västra Götalands län,1470,Vara,1,159.1,396716.720509573,6451139.49621781
14,Västra Götalands län,1470,Vara,1,159.1,395979.339334316,6446187.06874267
14,Västra Götalands län,1470,Vara,1,159.1,393546.384060515,6444693.68133305
14,Västra Götalands län,1470,Vara,1,159.1,389886.302690138,6443596.43571789
14,Västra Götalands län,1470,Vara,1,159.1,381940.483706546,6442404.99328895
14,Västra Götalands län,1470,Vara,1,159.1,378365.741261058,6443536.66806941
14,Västra Götalands län,1470,Vara,1,159.1,377834.336867625,6446017.05337798
14,Västra Götalands län,1470,Vara,1,159.1,373821.527386109,6448426.81450519
14,Västra Götalands län,1470,Vara,1,159.1,376785.422183013,6449981.50026226
14,Västra Götalands län,1470,Vara,1,159.1,376266.919152473,6451465.55099351
14,Västra Götalands län,1470,Vara,1,159.1,371737.596077414,6455359.33735528
14,Västra Götalands län,1470,Vara,1,159.1,373685.323767182,6458388.12084199
14,Västra Götalands län,1470,Vara,1,159.1,371903.08413083,6460737.57451752
14,Västra Götalands län,1470,Vara,1,159.1,372953.927122757,6463042.98902275
14,Västra Götalands län,1470,Vara,1,159.1,370391.244459026,6467129.18688528
14,Västra Götalands län,1470,Vara,1,159.1,370998.869192335,6470887.55382934
14,Västra Götalands län,1470,Vara,1,159.1,373643.024880398,6473096.14351624
14,Västra Götalands län,1470,Vara,1,159.1,378082.430314494,6473376.25899515
14,Västra Götalands län,1470,Vara,1,159.1,381201.093846751,6467019.84534599
14,Västra Götalands län,1470,Vara,1,159.1,384170.577826454,6468524.69626587
14,Västra Götalands län,1470,Vara,1,159.1,390909.582778821,6467830.84140808
14,Västra Götalands län,1470,Vara,1,159.1,392982.19555973,6466611.28597024
14,Västra Götalands län,1470,Vara,1,159.1,395000.9506715,6469219.22786106
01,Stockholms län,0180,Stockholm,1,16.1,674483.203072666,6580169.11889838
01,Stockholms län,0180,Stockholm,1,16.1,674485.554913495,6579974.92224406
01,Stockholms län,0180,Stockholm,1,16.1,675260.18619235,6579671.87707098
01,Stockholms län,0180,Stockholm,1,16.1,676553.428333699,6579469.57470001
01,Stockholms län,0180,Stockholm,1,16.1,676616.112811078,6578173.53989744
01,Stockholms län,0180,Stockholm,1,16.1,677245.940616164,6578097.18237932
01,Stockholms län,0180,Stockholm,1,16.1,677688.037780566,6577835.57497146
01,Stockholms län,0180,Stockholm,1,16.1,677747.515892924,6576226.55229587
01,Stockholms län,0180,Stockholm,1,16.1,679288.944527109,6574766.43852743
01,Stockholms län,0180,Stockholm,1,16.1,680129.593441984,6573380.83218535
01,Stockholms län,0180,Stockholm,1,16.1,680898.449483138,6572556.26553642
01,Stockholms län,0180,Stockholm,1,16.1,681832.764676041,6572105.64445665
01,Stockholms län,0180,Stockholm,1,16.1,682150.794554114,6571768.54631169
01,Stockholms län,0180,Stockholm,1,16.1,682034.498926228,6571133.24192709
01,Stockholms län,0180,Stockholm,1,16.1,681324.745898228,6570460.74885437
01,Stockholms län,0180,Stockholm,1,16.1,680707.616616864,6570562.26401274
01,Stockholms län,0180,Stockholm,1,16.1,679480.03154614,6571287.29780552
01,Stockholms län,0180,Stockholm,1,16.1,677998.225536826,6571290.36512916
01,Stockholms län,0180,Stockholm,1,16.1,677438.105985942,6570729.67762399
01,Stockholms län,0180,Stockholm,1,16.1,676695.009557898,6570581.70627213
01,Stockholms län,0180,Stockholm,1,16.1,675880.665112648,6570620.83905095
01,Stockholms län,0180,Stockholm,1,16.1,674519.003288367,6571520.22311249
01,Stockholms län,0180,Stockholm,1,16.1,673114.235429457,6571933.15061237
01,Stockholms län,0180,Stockholm,1,16.1,672270.927471383,6572795.80661964
01,Stockholms län,0180,Stockholm,1,16.1,669387.663753581,6573435.79719645
01,Stockholms län,0180,Stockholm,1,16.1,668437.038727836,6574822.05556919
01,Stockholms län,0180,Stockholm,1,16.1,667664.821862855,6575346.61341017
01,Stockholms län,0180,Stockholm,1,16.1,666625.787047964,6575199.05738862
01,Stockholms län,0180,Stockholm,1,16.1,665877.491594195,6574490.11966439
01,Stockholms län,0180,Stockholm,1,16.1,665207.04980928,6574041.08292969
01,Stockholms län,0180,Stockholm,1,16.1,664256.338740764,6574030.57595285
01,Stockholms län,0180,Stockholm,1,16.1,663843.094917833,6574717.45314371
01,Stockholms län,0180,Stockholm,1,16.1,664076.025997943,6575876.07072416
01,Stockholms län,0180,Stockholm,1,16.1,665416.220781841,6576584.17455618
01,Stockholms län,0180,Stockholm,1,16.1,666349.669127,6577442.332731
01,Stockholms län,0180,Stockholm,1,16.1,667428.614074397,6577927.31608946
01,Stockholms län,0180,Stockholm,1,16.1,668580.557293787,6578411.18471498
01,Stockholms län,0180,Stockholm,1,16.1,669916.72383867,6578709.32074693
01,Stockholms län,0180,Stockholm,1,16.1,670329.331470541,6579231.22501874
01,Stockholms län,0180,Stockholm,1,16.1,671626.237699239,6579303.92541778
01,Stockholms län,0180,Stockholm,1,16.1,672890.164338598,6579788.1544371
01,Stockholms län,0180,Stockholm,1,16.1,674207.65392357,6580030.0922268
01,Stockholms län,0180,Stockholm,1,16.1,674327.949633304,6580193.55664866
01,Stockholms län,0180,Stockholm,1,16.1,674495.079797236,6581094.38193574
01,Stockholms län,0180,Stockholm,1,16.1,673269.888537068,6580796.58479248
01,Stockholms län,0180,Stockholm,1,16.1,672305.927029533,6580723.92472695
01,Stockholms län,0180,Stockholm,1,16.1,671274.177969159,6581212.33881549
01,Stockholms län,0180,Stockholm,1,16.1,670244.702369696,6582362.8254737
01,Stockholms län,0180,Stockholm,1,16.1,670766.843048203,6582484.9808307
01,Stockholms län,0180,Stockholm,1,16.1,671285.873232274,6582558.26257485
01,Stockholms län,0180,Stockholm,1,16.1,671959.70656871,6583305.30622891
01,Stockholms län,0180,Stockholm,1,16.1,672552.720669847,6583378.47490341
01,Stockholms län,0180,Stockholm,1,16.1,672967.146439838,6584163.36428487
01,Stockholms län,0180,Stockholm,1,16.1,672821.544876022,6584462.55667386
01,Stockholms län,0180,Stockholm,1,16.1,672718.672721997,6585361.15956996
01,Stockholms län,0180,Stockholm,1,16.1,673846.11208957,6586134.70140811
01,Stockholms län,0180,Stockholm,1,16.1,676074.137977779,6583710.08296453
01,Stockholms län,0180,Stockholm,1,16.1,677655.879693006,6582472.44725757
01,Stockholms län,0180,Stockholm,1,16.1,678460.355168384,6581349.37391776
01,Stockholms län,0180,Stockholm,1,16.1,678490.405461444,6580601.85177326
01,Stockholms län,0180,Stockholm,1,16.1,677782.295816884,6580042.36572798
01,Stockholms län,0180,Stockholm,1,16.1,676858.166017943,6580230.13918621
01,Stockholms län,0180,Stockholm,1,16.1,675830.06901102,6581242.53115495
01,Stockholms län,0180,Stockholm,1,16.1,674656.384380296,6581130.03304657
01,Stockholms län,0180,Stockholm,1,16.1,675082.341224284,6580569.57507603
01,Stockholms län,0180,Stockholm,1,16.1,674483.203072666,6580169.11889838
01,Stockholms län,0180,Stockholm,2,16.2,667773.699514328,6579236.27470708
01,Stockholms län,0180,Stockholm,2,16.2,666783.715552508,6580322.10308199
01,Stockholms län,0180,Stockholm,2,16.2,665711.06187555,6580474.07837051
01,Stockholms län,0180,Stockholm,2,16.2,665086.357516445,6581036.41310163
01,Stockholms län,0180,Stockholm,2,16.2,664613.108289727,6581971.51894217
01,Stockholms län,0180,Stockholm,2,16.2,662401.495617509,6583209.50711191
01,Stockholms län,0180,Stockholm,2,16.2,660860.609247414,6584708.57180535
01,Stockholms län,0180,Stockholm,2,16.2,658840.766126033,6586705.74031978
01,Stockholms län,0180,Stockholm,2,16.2,659552.917553231,6587590.21795694
01,Stockholms län,0180,Stockholm,2,16.2,660148.751563227,6587925.37815098
01,Stockholms län,0180,Stockholm,2,16.2,660737.631301314,6587513.58334852
01,Stockholms län,0180,Stockholm,2,16.2,660988.395529481,6586539.80195919
01,Stockholms län,0180,Stockholm,2,16.2,661505.116032684,6586390.08750323
01,Stockholms län,0180,Stockholm,2,16.2,662138.579691913,6586837.68350335
01,Stockholms län,0180,Stockholm,2,16.2,663260.89214022,6588033.077895
01,Stockholms län,0180,Stockholm,2,16.2,663863.762929554,6589190.18223405
01,Stockholms län,0180,Stockholm,2,16.2,663986.866555199,6590499.44849833
01,Stockholms län,0180,Stockholm,2,16.2,663808.621550246,6591347.14237609
01,Stockholms län,0180,Stockholm,2,16.2,664557.184088676,6592032.09767663
01,Stockholms län,0180,Stockholm,2,16.2,665295.245758253,6591769.08940634
01,Stockholms län,0180,Stockholm,2,16.2,665987.565369921,6590495.70335748
01,Stockholms län,0180,Stockholm,2,16.2,666757.967261947,6589709.18019395
01,Stockholms län,0180,Stockholm,2,16.2,668235.636654402,6589221.18368459
01,Stockholms län,0180,Stockholm,2,16.2,669016.451034057,6587657.90802674
01,Stockholms län,0180,Stockholm,2,16.2,668515.992027853,6587537.86251297
01,Stockholms län,0180,Stockholm,2,16.2,667879.056874636,6586716.2821121
01,Stockholms län,0180,Stockholm,2,16.2,666615.788319643,6586344.0346046
01,Stockholms län,0180,Stockholm,2,16.2,666568.196134353,6585072.67664422
01,Stockholms län,0180,Stockholm,2,16.2,668194.585447576,6584770.43889498
01,Stockholms län,0180,Stockholm,2,16.2,668936.923946708,6583659.61562377
01,Stockholms län,0180,Stockholm,2,16.2,670197.83671792,6582411.10381243
01,Stockholms län,0180,Stockholm,2,16.2,669915.522464263,6582523.66464039
01,Stockholms län,0180,Stockholm,2,16.2,669687.994495195,6582074.98510576
01,Stockholms län,0180,Stockholm,2,16.2,669641.043817245,6580915.611441
01,Stockholms län,0180,Stockholm,2,16.2,669296.587669229,6579719.63777343
01,Stockholms län,0180,Stockholm,2,16.2,668478.229516253,6579347.78759522
01,Stockholms län,0180,Stockholm,2,16.2,667773.699514328,6579236.27470708
14,Västra Götalands län,1471,Götene,1,160.1,418397.465090265,6501406.09933507
14,Västra Götalands län,1471,Götene,1,160.1,420008.092911984,6499630.27921956
14,Västra Götalands län,1471,Götene,1,160.1,417552.360969709,6495458.64532128
14,Västra Götalands län,1471,Götene,1,160.1,420219.537620337,6494178.28085553
14,Västra Götalands län,1471,Götene,1,160.1,423477.436505855,6494647.23084144
14,Västra Götalands län,1471,Götene,1,160.1,423970.486010485,6491795.43009065
14,Västra Götalands län,1471,Götene,1,160.1,419438.02339677,6483261.84693343
14,Västra Götalands län,1471,Götene,1,160.1,415604.806878025,6481175.77807547
14,Västra Götalands län,1471,Götene,1,160.1,408253.259570532,6479922.11876254
14,Västra Götalands län,1471,Götene,1,160.1,407883.284178899,6478351.41836364
14,Västra Götalands län,1471,Götene,1,160.1,402420.941456657,6478510.79018378
14,Västra Götalands län,1471,Götene,1,160.1,400959.099312723,6482887.16222715
14,Västra Götalands län,1471,Götene,1,160.1,398301.915188255,6485507.00351604
14,Västra Götalands län,1471,Götene,1,160.1,401057.620912959,6487503.15750857
14,Västra Götalands län,1471,Götene,1,160.1,402212.679677507,6492613.60842467
14,Västra Götalands län,1471,Götene,1,160.1,403828.795999803,6498280.36272941
14,Västra Götalands län,1471,Götene,1,160.1,409038.005717417,6501968.28155261
14,Västra Götalands län,1471,Götene,1,160.1,414648.335394119,6503803.90982333
14,Västra Götalands län,1471,Götene,1,160.1,419595.652700982,6506915.01597221
14,Västra Götalands län,1471,Götene,1,160.1,418397.465090265,6501406.09933507
14,Västra Götalands län,1472,Tibro,1,161.1,449544.225430694,6486730.81043369
14,Västra Götalands län,1472,Tibro,1,161.1,455066.196815482,6488374.44552705
14,Västra Götalands län,1472,Tibro,1,161.1,460790.79584274,6491875.76900347
14,Västra Götalands län,1472,Tibro,1,161.1,461035.711398327,6487961.30403536
14,Västra Götalands län,1472,Tibro,1,161.1,462723.406196518,6481349.24491835
14,Västra Götalands län,1472,Tibro,1,161.1,459934.944046446,6477815.21907405
14,Västra Götalands län,1472,Tibro,1,161.1,459114.732143847,6473942.959552
14,Västra Götalands län,1472,Tibro,1,161.1,457569.146433618,6472626.96214808
14,Västra Götalands län,1472,Tibro,1,161.1,457224.446776346,6469444.13412597
14,Västra Götalands län,1472,Tibro,1,161.1,452867.573942369,6468082.46818969
14,Västra Götalands län,1472,Tibro,1,161.1,449680.346955996,6468879.93108027
14,Västra Götalands län,1472,Tibro,1,161.1,445766.548926529,6472837.3382835
14,Västra Götalands län,1472,Tibro,1,161.1,444849.982037329,6479168.64908533
14,Västra Götalands län,1472,Tibro,1,161.1,447753.862814972,6480076.11682468
14,Västra Götalands län,1472,Tibro,1,161.1,447702.189357634,6483300.1341916
14,Västra Götalands län,1472,Tibro,1,161.1,449544.225430694,6486730.81043369
14,Västra Götalands län,1473,Töreboda,1,162.1,442781.706510345,6497083.19043619
14,Västra Götalands län,1473,Töreboda,1,162.1,438110.326643531,6495284.81544548
14,Västra Götalands län,1473,Töreboda,1,162.1,436396.390608279,6497338.32317497
14,Västra Götalands län,1473,Töreboda,1,162.1,440407.27721912,6504771.3515011
14,Västra Götalands län,1473,Töreboda,1,162.1,437783.207872222,6506450.05715941
14,Västra Götalands län,1473,Töreboda,1,162.1,438150.367998057,6509831.01575742
14,Västra Götalands län,1473,Töreboda,1,162.1,442838.632452791,6510556.13819038
14,Västra Götalands län,1473,Töreboda,1,162.1,444285.759161562,6512820.58774573
14,Västra Götalands län,1473,Töreboda,1,162.1,442933.207759466,6516983.54188607
14,Västra Götalands län,1473,Töreboda,1,162.1,445840.859232782,6516079.94016885
14,Västra Götalands län,1473,Töreboda,1,162.1,449880.497297141,6518210.69424957
14,Västra Götalands län,1473,Töreboda,1,162.1,453874.566650854,6518067.85237677
14,Västra Götalands län,1473,Töreboda,1,162.1,454615.401635113,6521210.48886934
14,Västra Götalands län,1473,Töreboda,1,162.1,458183.363647634,6520843.61831814
14,Västra Götalands län,1473,Töreboda,1,162.1,461126.87339861,6521780.69683393
14,Västra Götalands län,1473,Töreboda,1,162.1,465460.561220645,6517843.4798108
14,Västra Götalands län,1473,Töreboda,1,162.1,463272.298569541,6510462.09495801
14,Västra Götalands län,1473,Töreboda,1,162.1,457726.467632561,6509222.85686311
14,Västra Götalands län,1473,Töreboda,1,162.1,456433.268599292,6506540.39706799
14,Västra Götalands län,1473,Töreboda,1,162.1,458462.905844817,6504922.47448375
14,Västra Götalands län,1473,Töreboda,1,162.1,457773.742402746,6498555.79419309
14,Västra Götalands län,1473,Töreboda,1,162.1,460704.019026805,6497851.30278764
14,Västra Götalands län,1473,Töreboda,1,162.1,461350.234485752,6494566.39943044
14,Västra Götalands län,1473,Töreboda,1,162.1,460790.79584274,6491875.76900347
14,Västra Götalands län,1473,Töreboda,1,162.1,455066.196815482,6488374.44552705
14,Västra Götalands län,1473,Töreboda,1,162.1,449544.225430694,6486730.81043369
14,Västra Götalands län,1473,Töreboda,1,162.1,446504.741965086,6487044.17904029
14,Västra Götalands län,1473,Töreboda,1,162.1,442781.706510345,6497083.19043619
14,Västra Götalands län,1480,Göteborg,1,163.1,319408.598509972,6415240.5388224
14,Västra Götalands län,1480,Göteborg,1,163.1,320335.160900895,6416572.8343457
14,Västra Götalands län,1480,Göteborg,1,163.1,322446.072830166,6416563.02950589
14,Västra Götalands län,1480,Göteborg,1,163.1,323409.068492618,6415930.87742071
14,Västra Götalands län,1480,Göteborg,1,163.1,323596.864862018,6412837.88630653
14,Västra Götalands län,1480,Göteborg,1,163.1,323609.915978295,6411407.85482255
14,Västra Götalands län,1480,Göteborg,1,163.1,326054.680707619,6413490.84059198
14,Västra Götalands län,1480,Göteborg,1,163.1,328266.612982688,6415151.29239956
14,Västra Götalands län,1480,Göteborg,1,163.1,331478.108278231,6416634.7744374
14,Västra Götalands län,1480,Göteborg,1,163.1,333027.121700059,6414130.66314726
14,Västra Götalands län,1480,Göteborg,1,163.1,333351.208343536,6410922.31697461
14,Västra Götalands län,1480,Göteborg,1,163.1,335128.460679978,6409057.55062976
14,Västra Götalands län,1480,Göteborg,1,163.1,332453.871117889,6406632.02055741
14,Västra Götalands län,1480,Göteborg,1,163.1,331220.295150815,6406822.20467078
14,Västra Götalands län,1480,Göteborg,1,163.1,328174.840364678,6406333.17336848
14,Västra Götalands län,1480,Göteborg,1,163.1,327184.070362015,6405773.6814865
14,Västra Götalands län,1480,Göteborg,1,163.1,326959.332120154,6404755.572344
14,Västra Götalands län,1480,Göteborg,1,163.1,326921.627595835,6402551.37373164
14,Västra Götalands län,1480,Göteborg,1,163.1,325573.910226472,6402340.43545249
14,Västra Götalands län,1480,Göteborg,1,163.1,326702.190791642,6396807.01660781
14,Västra Götalands län,1480,Göteborg,1,163.1,325239.869211995,6396315.88824257
14,Västra Götalands län,1480,Göteborg,1,163.1,320418.073698379,6395606.8602617
14,Västra Götalands län,1480,Göteborg,1,163.1,319557.930115322,6393561.80034555
14,Västra Götalands län,1480,Göteborg,1,163.1,321971.236138604,6386530.56656018
14,Västra Götalands län,1480,Göteborg,1,163.1,321331.024720575,6383973.42054819
14,Västra Götalands län,1480,Göteborg,1,163.1,317381.46046983,6383960.44618476
14,Västra Götalands län,1480,Göteborg,1,163.1,317747.718666224,6386610.2651365
14,Västra Götalands län,1480,Göteborg,1,163.1,317994.088178269,6391440.40552365
14,Västra Götalands län,1480,Göteborg,1,163.1,317456.776616658,6392500.38635628
14,Västra Götalands län,1480,Göteborg,1,163.1,316417.525716701,6390808.00065952
14,Västra Götalands län,1480,Göteborg,1,163.1,315654.475702186,6390849.88691702
14,Västra Götalands län,1480,Göteborg,1,163.1,314023.303817574,6395814.5810963
14,Västra Götalands län,1480,Göteborg,1,163.1,313956.429498271,6396647.30068027
14,Västra Götalands län,1480,Göteborg,1,163.1,314416.387394084,6397551.25021401
14,Västra Götalands län,1480,Göteborg,1,163.1,318733.290468574,6400035.24037787
14,Västra Götalands län,1480,Göteborg,1,163.1,317560.289643441,6400008.27824798
14,Västra Götalands län,1480,Göteborg,1,163.1,315748.961056007,6399369.06372816
14,Västra Götalands län,1480,Göteborg,1,163.1,314920.863111162,6400004.83287632
14,Västra Götalands län,1480,Göteborg,1,163.1,312228.866995035,6399465.06816468
14,Västra Götalands län,1480,Göteborg,1,163.1,311213.456136023,6401227.93899033
14,Västra Götalands län,1480,Göteborg,1,163.1,310271.993109851,6401564.52163925
14,Västra Götalands län,1480,Göteborg,1,163.1,309454.244095014,6401247.96566785
14,Västra Götalands län,1480,Göteborg,1,163.1,309116.580696598,6399809.78459295
14,Västra Götalands län,1480,Göteborg,1,163.1,308414.7494221,6399494.61110526
14,Västra Götalands län,1480,Göteborg,1,163.1,307653.405028875,6399477.54872295
14,Västra Götalands län,1480,Göteborg,1,163.1,306653.026621587,6399810.43147036
14,Västra Götalands län,1480,Göteborg,1,163.1,305756.913061753,6401458.77954541
14,Västra Götalands län,1480,Göteborg,1,163.1,305340.056640991,6402222.35489314
14,Västra Götalands län,1480,Göteborg,1,163.1,305373.312223716,6403206.17272496
14,Västra Götalands län,1480,Göteborg,1,163.1,306487.520307335,6404811.50180562
14,Västra Götalands län,1480,Göteborg,1,163.1,308591.050243321,6405753.02412625
14,Västra Götalands län,1480,Göteborg,1,163.1,310753.359054314,6406459.38920313
14,Västra Götalands län,1480,Göteborg,1,163.1,311463.068347867,6409970.79815801
14,Västra Götalands län,1480,Göteborg,1,163.1,314454.515536404,6411967.31626584
14,Västra Götalands län,1480,Göteborg,1,163.1,316539.03785436,6414755.57771744
14,Västra Götalands län,1480,Göteborg,1,163.1,318417.541927699,6414622.06675282
14,Västra Götalands län,1480,Göteborg,1,163.1,319408.598509972,6415240.5388224
14,Västra Götalands län,1481,Mölndal,1,164.1,325239.869211995,6396315.88824257
14,Västra Götalands län,1481,Mölndal,1,164.1,326241.805652253,6393838.22660001
14,Västra Götalands län,1481,Mölndal,1,164.1,325662.113651928,6393168.70834631
14,Västra Götalands län,1481,Mölndal,1,164.1,328032.292197662,6390604.37949229
14,Västra Götalands län,1481,Mölndal,1,164.1,329259.587289571,6391109.70480107
14,Västra Götalands län,1481,Mölndal,1,164.1,331253.911547568,6391155.41094428
14,Västra Götalands län,1481,Mölndal,1,164.1,334432.121182901,6389979.90643153
14,Västra Götalands län,1481,Mölndal,1,164.1,337707.087765941,6387897.03998708
14,Västra Götalands län,1481,Mölndal,1,164.1,332896.246312249,6384999.41577915
14,Västra Götalands län,1481,Mölndal,1,164.1,328803.293190304,6383592.52418275
14,Västra Götalands län,1481,Mölndal,1,164.1,322773.441796762,6382439.4562621
14,Västra Götalands län,1481,Mölndal,1,164.1,321331.024720575,6383973.42054819
14,Västra Götalands län,1481,Mölndal,1,164.1,321971.236138604,6386530.56656018
14,Västra Götalands län,1481,Mölndal,1,164.1,319557.930115322,6393561.80034555
14,Västra Götalands län,1481,Mölndal,1,164.1,320418.073698379,6395606.8602617
14,Västra Götalands län,1481,Mölndal,1,164.1,325239.869211995,6396315.88824257
14,Västra Götalands län,1482,Kungälv,1,165.1,319408.598509972,6415240.5388224
14,Västra Götalands län,1482,Kungälv,1,165.1,318417.541927699,6414622.06675282
14,Västra Götalands län,1482,Kungälv,1,165.1,316539.03785436,6414755.57771744
14,Västra Götalands län,1482,Kungälv,1,165.1,314454.515536404,6411967.31626584
14,Västra Götalands län,1482,Kungälv,1,165.1,311463.068347867,6409970.79815801
14,Västra Götalands län,1482,Kungälv,1,165.1,310250.881904493,6409962.34521438
14,Västra Götalands län,1482,Kungälv,1,165.1,308493.53215315,6409742.51638631
14,Västra Götalands län,1482,Kungälv,1,165.1,307786.17595167,6410142.83864907
14,Västra Götalands län,1482,Kungälv,1,165.1,307528.975286123,6412519.37457039
14,Västra Götalands län,1482,Kungälv,1,165.1,307049.727477823,6413402.13243791
14,Västra Götalands län,1482,Kungälv,1,165.1,305806.184503034,6414682.53890843
14,Västra Götalands län,1482,Kungälv,1,165.1,305092.006498232,6415738.39273278
14,Västra Götalands län,1482,Kungälv,1,165.1,305488.879172953,6417237.24139674
14,Västra Götalands län,1482,Kungälv,1,165.1,306704.626168349,6418873.79732372
14,Västra Götalands län,1482,Kungälv,1,165.1,307452.90547757,6420320.8721112
14,Västra Götalands län,1482,Kungälv,1,165.1,308019.527543587,6422418.40396451
14,Västra Götalands län,1482,Kungälv,1,165.1,309978.715944946,6426157.61151929
14,Västra Götalands län,1482,Kungälv,1,165.1,309203.733278387,6427449.59764566
14,Västra Götalands län,1482,Kungälv,1,165.1,309247.896702849,6428940.25992116
14,Västra Götalands län,1482,Kungälv,1,165.1,309646.499260614,6430041.37283765
14,Västra Götalands län,1482,Kungälv,1,165.1,314467.81234675,6428943.62938051
14,Västra Götalands län,1482,Kungälv,1,165.1,322031.913127749,6429240.84236377
14,Västra Götalands län,1482,Kungälv,1,165.1,322605.479578488,6430504.98327697
14,Västra Götalands län,1482,Kungälv,1,165.1,322822.225267457,6432356.51739419
14,Västra Götalands län,1482,Kungälv,1,165.1,323168.096505163,6433020.27032928
14,Västra Götalands län,1482,Kungälv,1,165.1,324045.921719272,6433160.68481233
14,Västra Götalands län,1482,Kungälv,1,165.1,324798.045275254,6434368.99298614
14,Västra Götalands län,1482,Kungälv,1,165.1,325911.839391991,6436341.19064329
14,Västra Götalands län,1482,Kungälv,1,165.1,331717.869600906,6434392.69935288
14,Västra Götalands län,1482,Kungälv,1,165.1,330234.424791985,6430148.34365012
14,Västra Götalands län,1482,Kungälv,1,165.1,330541.254954386,6428725.81555773
14,Västra Götalands län,1482,Kungälv,1,165.1,329790.831474248,6427457.55395285
14,Västra Götalands län,1482,Kungälv,1,165.1,327762.412169297,6424908.76291158
14,Västra Götalands län,1482,Kungälv,1,165.1,323409.068492618,6415930.87742071
14,Västra Götalands län,1482,Kungälv,1,165.1,322446.072830166,6416563.02950589
14,Västra Götalands län,1482,Kungälv,1,165.1,320335.160900895,6416572.8343457
14,Västra Götalands län,1482,Kungälv,1,165.1,319408.598509972,6415240.5388224
14,Västra Götalands län,1482,Kungälv,2,165.2,302677.778159811,6422829.36611835
14,Västra Götalands län,1482,Kungälv,2,165.2,305260.37382233,6422651.31791296
14,Västra Götalands län,1482,Kungälv,2,165.2,304403.856492003,6420308.47552688
14,Västra Götalands län,1482,Kungälv,2,165.2,300025.582934527,6418120.50093714
14,Västra Götalands län,1482,Kungälv,2,165.2,298252.071752606,6419508.49737659
14,Västra Götalands län,1482,Kungälv,2,165.2,300337.51306576,6422297.73934998
14,Västra Götalands län,1482,Kungälv,2,165.2,302677.778159811,6422829.36611835
14,Västra Götalands län,1484,Lysekil,1,166.1,291954.40991406,6463754.55308879
14,Västra Götalands län,1484,Lysekil,1,166.1,291713.141453405,6464623.13070963
14,Västra Götalands län,1484,Lysekil,1,166.1,292721.15972528,6465654.60645854
14,Västra Götalands län,1484,Lysekil,1,166.1,293226.541438761,6467598.49571898
14,Västra Götalands län,1484,Lysekil,1,166.1,291819.527060078,6467920.42170593
14,Västra Götalands län,1484,Lysekil,1,166.1,290800.667520362,6468626.7737441
14,Västra Götalands län,1484,Lysekil,1,166.1,291384.181237811,6470554.60682013
14,Västra Götalands län,1484,Lysekil,1,166.1,291980.589301228,6472907.34818054
14,Västra Götalands län,1484,Lysekil,1,166.1,290155.22714111,6472445.72019069
14,Västra Götalands län,1484,Lysekil,1,166.1,290288.283140122,6475933.21018284
14,Västra Götalands län,1484,Lysekil,1,166.1,294974.355524667,6485766.60081383
14,Västra Götalands län,1484,Lysekil,1,166.1,298300.134611557,6487533.51613783
14,Västra Götalands län,1484,Lysekil,1,166.1,300537.207364567,6486751.86557789
14,Västra Götalands län,1484,Lysekil,1,166.1,302402.811691052,6477702.60928702
14,Västra Götalands län,1484,Lysekil,1,166.1,302746.993772584,6475005.33965979
14,Västra Götalands län,1484,Lysekil,1,166.1,298460.995445609,6468549.71889564
14,Västra Götalands län,1484,Lysekil,1,166.1,297071.079661302,6467528.65703783
14,Västra Götalands län,1484,Lysekil,1,166.1,295547.575761799,6465311.70933355
14,Västra Götalands län,1484,Lysekil,1,166.1,294343.923280079,6464092.00178027
14,Västra Götalands län,1484,Lysekil,1,166.1,291954.40991406,6463754.55308879
14,Västra Götalands län,1484,Lysekil,2,166.2,297598.678214919,6462449.00834439
14,Västra Götalands län,1484,Lysekil,2,166.2,297577.483527261,6461465.34662603
14,Västra Götalands län,1484,Lysekil,2,166.2,295048.621328211,6459244.36203842
14,Västra Götalands län,1484,Lysekil,2,166.2,293878.289115093,6457829.18431523
14,Västra Götalands län,1484,Lysekil,2,166.2,293274.783180141,6456482.75690041
14,Västra Götalands län,1484,Lysekil,2,166.2,290737.744472838,6456363.42880885
14,Västra Götalands län,1484,Lysekil,2,166.2,290329.612693866,6457063.11481817
14,Västra Götalands län,1484,Lysekil,2,166.2,291895.041716897,6459701.2781264
14,Västra Götalands län,1484,Lysekil,2,166.2,292868.045633143,6461070.12396467
14,Västra Götalands län,1484,Lysekil,2,166.2,294578.196821413,6461472.38781073
14,Västra Götalands län,1484,Lysekil,2,166.2,296130.618984293,6462527.36765299
14,Västra Götalands län,1484,Lysekil,2,166.2,297613.79426281,6464190.16059511
14,Västra Götalands län,1484,Lysekil,2,166.2,298531.852479945,6465557.35253731
14,Västra Götalands län,1484,Lysekil,2,166.2,298769.511193632,6463906.18326106
14,Västra Götalands län,1484,Lysekil,2,166.2,297598.678214919,6462449.00834439
14,Västra Götalands län,1485,Uddevalla,1,167.1,303994.904851351,6463365.1594346
14,Västra Götalands län,1485,Uddevalla,1,167.1,302524.459623805,6462307.15373794
14,Västra Götalands län,1485,Uddevalla,1,167.1,300696.612542427,6461967.44302026
14,Västra Götalands län,1485,Uddevalla,1,167.1,297577.483527261,6461465.34662603
14,Västra Götalands län,1485,Uddevalla,1,167.1,297598.678214919,6462449.00834439
14,Västra Götalands län,1485,Uddevalla,1,167.1,298769.511193632,6463906.18326106
14,Västra Götalands län,1485,Uddevalla,1,167.1,298531.852479945,6465557.35253731
14,Västra Götalands län,1485,Uddevalla,1,167.1,298460.995445609,6468549.71889564
14,Västra Götalands län,1485,Uddevalla,1,167.1,302746.993772584,6475005.33965979
14,Västra Götalands län,1485,Uddevalla,1,167.1,302402.811691052,6477702.60928702
14,Västra Götalands län,1485,Uddevalla,1,167.1,307109.204744429,6480354.57277614
14,Västra Götalands län,1485,Uddevalla,1,167.1,308876.399161574,6479503.29690638
14,Västra Götalands län,1485,Uddevalla,1,167.1,314838.519932208,6481787.57934244
14,Västra Götalands län,1485,Uddevalla,1,167.1,316550.352605298,6480636.79865764
14,Västra Götalands län,1485,Uddevalla,1,167.1,320298.619995699,6482851.54942123
14,Västra Götalands län,1485,Uddevalla,1,167.1,322751.72502976,6484308.19358859
14,Västra Götalands län,1485,Uddevalla,1,167.1,329083.373761039,6481710.7058625
14,Västra Götalands län,1485,Uddevalla,1,167.1,332851.206137033,6477635.21093027
14,Västra Götalands län,1485,Uddevalla,1,167.1,333738.610535386,6474728.47243662
14,Västra Götalands län,1485,Uddevalla,1,167.1,331437.955776062,6470138.41424373
14,Västra Götalands län,1485,Uddevalla,1,167.1,332532.984308959,6465416.17733407
14,Västra Götalands län,1485,Uddevalla,1,167.1,330226.496271349,6460809.09158148
14,Västra Götalands län,1485,Uddevalla,1,167.1,325261.642746612,6455688.47246364
14,Västra Götalands län,1485,Uddevalla,1,167.1,324542.294660739,6452746.51785823
14,Västra Götalands län,1485,Uddevalla,1,167.1,322607.862673547,6451538.03514474
14,Västra Götalands län,1485,Uddevalla,1,167.1,323275.137731027,6448225.91124051
14,Västra Götalands län,1485,Uddevalla,1,167.1,320435.589863211,6448740.62100638
14,Västra Götalands län,1485,Uddevalla,1,167.1,319599.766042117,6450269.74181999
14,Västra Götalands län,1485,Uddevalla,1,167.1,316659.280693559,6451035.09058929
14,Västra Götalands län,1485,Uddevalla,1,167.1,316356.27033063,6453638.96712255
14,Västra Götalands län,1485,Uddevalla,1,167.1,317506.282637234,6454000.5343519105
14,Västra Götalands län,1485,Uddevalla,1,167.1,318953.351754605,6455594.95074601
14,Västra Götalands län,1485,Uddevalla,1,167.1,319092.486447715,6457413.58322121
14,Västra Götalands län,1485,Uddevalla,1,167.1,317314.555539123,6457409.28331211
14,Västra Götalands län,1485,Uddevalla,1,167.1,317263.362378955,6459847.26980621
14,Västra Götalands län,1485,Uddevalla,1,167.1,316142.433000704,6462231.45974744
14,Västra Götalands län,1485,Uddevalla,1,167.1,314365.801515225,6465288.4016628
14,Västra Götalands län,1485,Uddevalla,1,167.1,314793.693282812,6466694.72271923
14,Västra Götalands län,1485,Uddevalla,1,167.1,317230.447997945,6469349.42098525
14,Västra Götalands län,1485,Uddevalla,1,167.1,313586.64383531,6469257.76709823
14,Västra Götalands län,1485,Uddevalla,1,167.1,310962.053848842,6470183.74570672
14,Västra Götalands län,1485,Uddevalla,1,167.1,308740.338477655,6469934.23617578
14,Västra Götalands län,1485,Uddevalla,1,167.1,309847.741343914,6468596.29470684
14,Västra Götalands län,1485,Uddevalla,1,167.1,309234.398558552,6467487.58833498
14,Västra Götalands län,1485,Uddevalla,1,167.1,306940.678206805,6467576.02359768
14,Västra Götalands län,1485,Uddevalla,1,167.1,305586.231012846,6465011.27331436
14,Västra Götalands län,1485,Uddevalla,1,167.1,303994.904851351,6463365.1594346
14,Västra Götalands län,1486,Strömstad,1,168.1,289601.303568399,6531704.40217523
14,Västra Götalands län,1486,Strömstad,1,168.1,288371.56236975,6531495.67758843
14,Västra Götalands län,1486,Strömstad,1,168.1,287738.498761393,6530289.76920947
14,Västra Götalands län,1486,Strömstad,1,168.1,284041.468063737,6530559.98302187
14,Västra Götalands län,1486,Strömstad,1,168.1,279519.702932622,6527951.00229603
14,Västra Götalands län,1486,Strömstad,1,168.1,279231.337698918,6530564.91859949
14,Västra Götalands län,1486,Strömstad,1,168.1,277238.918663486,6536415.2852275
14,Västra Götalands län,1486,Strömstad,1,168.1,277340.682284523,6538085.49360427
14,Västra Götalands län,1486,Strömstad,1,168.1,277630.110061959,6538449.76731905
14,Västra Götalands län,1486,Strömstad,1,168.1,278983.376613796,6537945.41689916
14,Västra Götalands län,1486,Strömstad,1,168.1,279743.52684623,6538142.48410903
14,Västra Götalands län,1486,Strömstad,1,168.1,279674.641446539,6539212.99078658
14,Västra Götalands län,1486,Strömstad,1,168.1,278127.968698532,6541498.91651851
14,Västra Götalands län,1486,Strömstad,1,168.1,277761.736744198,6542860.65530883
14,Västra Götalands län,1486,Strömstad,1,168.1,277889.858306049,6547808.18201049
14,Västra Götalands län,1486,Strömstad,1,168.1,282970.196366978,6556206.51284726
14,Västra Götalands län,1486,Strömstad,1,168.1,285370.023019225,6556680.26028869
14,Västra Götalands län,1486,Strömstad,1,168.1,286888.006293126,6557432.17784072
14,Västra Götalands län,1486,Strömstad,1,168.1,289102.477521414,6558854.12191336
14,Västra Götalands län,1486,Strömstad,1,168.1,291572.66800416,6558138.44554086
14,Västra Götalands län,1486,Strömstad,1,168.1,296486.750649328,6547472.18642777
14,Västra Götalands län,1486,Strömstad,1,168.1,295356.391976977,6536962.74457745
14,Västra Götalands län,1486,Strömstad,1,168.1,295618.975169805,6534168.57052862
14,Västra Götalands län,1486,Strömstad,1,168.1,295050.034452394,6532368.77572332
14,Västra Götalands län,1486,Strömstad,1,168.1,290623.602284138,6529226.22099229
14,Västra Götalands län,1486,Strömstad,1,168.1,289601.303568399,6531704.40217523
14,Västra Götalands län,1487,Vänersborg,1,169.1,343863.43467261,6466444.46924072
14,Västra Götalands län,1487,Vänersborg,1,169.1,340645.336891798,6468182.93402933
14,Västra Götalands län,1487,Vänersborg,1,169.1,335870.168544601,6466664.49635729
14,Västra Götalands län,1487,Vänersborg,1,169.1,332532.984308959,6465416.17733407
14,Västra Götalands län,1487,Vänersborg,1,169.1,331437.955776062,6470138.41424373
14,Västra Götalands län,1487,Vänersborg,1,169.1,333738.610535386,6474728.47243662
14,Västra Götalands län,1487,Vänersborg,1,169.1,332851.206137033,6477635.21093027
14,Västra Götalands län,1487,Vänersborg,1,169.1,329083.373761039,6481710.7058625
14,Västra Götalands län,1487,Vänersborg,1,169.1,328780.391779514,6486301.49685573
14,Västra Götalands län,1487,Vänersborg,1,169.1,330886.579102773,6489101.25408779
14,Västra Götalands län,1487,Vänersborg,1,169.1,332908.094162997,6500358.32675361
14,Västra Götalands län,1487,Vänersborg,1,169.1,335373.284243367,6503388.31673309
14,Västra Götalands län,1487,Vänersborg,1,169.1,348065.518688577,6495980.01688189
14,Västra Götalands län,1487,Vänersborg,1,169.1,350133.300900653,6496571.56434736
14,Västra Götalands län,1487,Vänersborg,1,169.1,355972.859173635,6491276.57272268
14,Västra Götalands län,1487,Vänersborg,1,169.1,352270.851278445,6486696.50266484
14,Västra Götalands län,1487,Vänersborg,1,169.1,347543.595785702,6483764.28777714
14,Västra Götalands län,1487,Vänersborg,1,169.1,344009.932396411,6478898.47561048
14,Västra Götalands län,1487,Vänersborg,1,169.1,343841.848943735,6475497.30865579
14,Västra Götalands län,1487,Vänersborg,1,169.1,349149.39143226,6474547.50720871
14,Västra Götalands län,1487,Vänersborg,1,169.1,351325.186520787,6476133.77428895
14,Västra Götalands län,1487,Vänersborg,1,169.1,354651.360364343,6475389.08999854
14,Västra Götalands län,1487,Vänersborg,1,169.1,359676.351662456,6482916.45268709
14,Västra Götalands län,1487,Vänersborg,1,169.1,363045.767018662,6482569.09196438
14,Västra Götalands län,1487,Vänersborg,1,169.1,361723.311732838,6475916.67783363
14,Västra Götalands län,1487,Vänersborg,1,169.1,354130.199784735,6472425.40311933
14,Västra Götalands län,1487,Vänersborg,1,169.1,350881.982418919,6468335.62050784
14,Västra Götalands län,1487,Vänersborg,1,169.1,353150.381847885,6464614.80120175
14,Västra Götalands län,1487,Vänersborg,1,169.1,347356.608482962,6459848.90856212
14,Västra Götalands län,1487,Vänersborg,1,169.1,346490.854961125,6462954.85491571
14,Västra Götalands län,1487,Vänersborg,1,169.1,343863.43467261,6466444.46924072
01,Stockholms län,0181,Södertälje,1,17.1,631797.412491221,6558086.99997793
01,Stockholms län,0181,Södertälje,1,17.1,633040.977399861,6558167.10978695
01,Stockholms län,0181,Södertälje,1,17.1,638303.484639247,6556416.39751207
01,Stockholms län,0181,Södertälje,1,17.1,641027.011794935,6556247.70821897
01,Stockholms län,0181,Södertälje,1,17.1,642525.32656547,6557374.56749462
01,Stockholms län,0181,Södertälje,1,17.1,642102.726702072,6558982.19920724
01,Stockholms län,0181,Södertälje,1,17.1,642879.733608445,6561410.69952326
01,Stockholms län,0181,Södertälje,1,17.1,646464.008943231,6565082.69723781
01,Stockholms län,0181,Södertälje,1,17.1,644810.058486359,6568489.780545
01,Stockholms län,0181,Södertälje,1,17.1,642000.372945607,6567447.82700728
01,Stockholms län,0181,Södertälje,1,17.1,637904.811689204,6569526.5002652
01,Stockholms län,0181,Södertälje,1,17.1,637690.982864898,6570424.72737101
01,Stockholms län,0181,Södertälje,1,17.1,635644.802823286,6573531.32557768
01,Stockholms län,0181,Södertälje,1,17.1,635392.79202285,6574280.12521077
01,Stockholms län,0181,Södertälje,1,17.1,635381.925138665,6577160.39671368
01,Stockholms län,0181,Södertälje,1,17.1,634795.332450757,6577797.16739871
01,Stockholms län,0181,Södertälje,1,17.1,634654.946722144,6578657.28323441
01,Stockholms län,0181,Södertälje,1,17.1,635621.239082296,6579029.90944899
01,Stockholms län,0181,Södertälje,1,17.1,635985.240129488,6578280.47716096
01,Stockholms län,0181,Södertälje,1,17.1,636575.297215453,6578017.67334613
01,Stockholms län,0181,Södertälje,1,17.1,638047.804705536,6577042.7077456
01,Stockholms län,0181,Södertälje,1,17.1,638789.20988693,6577079.66993627
01,Stockholms län,0181,Södertälje,1,17.1,640438.008802434,6575169.02202105
01,Stockholms län,0181,Södertälje,1,17.1,645010.172241087,6572767.84290404
01,Stockholms län,0181,Södertälje,1,17.1,646268.945454186,6572766.07766655
01,Stockholms län,0181,Södertälje,1,17.1,646963.686922332,6571867.66238655
01,Stockholms län,0181,Södertälje,1,17.1,647758.266874292,6569658.70329099
01,Stockholms län,0181,Södertälje,1,17.1,648812.139346339,6567337.89852827
01,Stockholms län,0181,Södertälje,1,17.1,649284.366785012,6566402.78875304
01,Stockholms län,0181,Södertälje,1,17.1,650098.496630181,6566213.67575811
01,Stockholms län,0181,Södertälje,1,17.1,650253.519048605,6567036.39562454
01,Stockholms län,0181,Södertälje,1,17.1,649457.217779717,6569057.37217265
01,Stockholms län,0181,Södertälje,1,17.1,649046.570790661,6571513.93604425
01,Stockholms län,0181,Södertälje,1,17.1,650033.506762739,6571337.9176036
01,Stockholms län,0181,Södertälje,1,17.1,650813.660156394,6571561.31537269
01,Stockholms län,0181,Södertälje,1,17.1,651335.505064948,6571896.56611524
01,Stockholms län,0181,Södertälje,1,17.1,651704.147717248,6571672.07026708
01,Stockholms län,0181,Södertälje,1,17.1,651658.572221778,6570811.67653164
01,Stockholms län,0181,Södertälje,1,17.1,652064.326497577,6570660.6217527
01,Stockholms län,0181,Södertälje,1,17.1,652018.548439202,6569651.25039054
01,Stockholms län,0181,Södertälje,1,17.1,650980.721761918,6569652.69326477
01,Stockholms län,0181,Södertälje,1,17.1,650903.154357108,6569204.84082267
01,Stockholms län,0181,Södertälje,1,17.1,651228.411444474,6568269.95185282
01,Stockholms län,0181,Södertälje,1,17.1,652078.087249072,6568118.25641398
01,Stockholms län,0181,Södertälje,1,17.1,652785.982852636,6568528.74889856
01,Stockholms län,0181,Södertälje,1,17.1,654758.399098509,6565571.16257605
01,Stockholms län,0181,Södertälje,1,17.1,654899.885137124,6564785.01107399
01,Stockholms län,0181,Södertälje,1,17.1,654816.014125907,6563700.20344084
01,Stockholms län,0181,Södertälje,1,17.1,656105.485608833,6563062.90831626
01,Stockholms län,0181,Södertälje,1,17.1,656239.830688091,6561378.84566371
01,Stockholms län,0181,Södertälje,1,17.1,655974.552543841,6560743.75003038
01,Stockholms län,0181,Södertälje,1,17.1,653970.538585037,6559038.83206218
01,Stockholms län,0181,Södertälje,1,17.1,653594.146870715,6559738.15280195
01,Stockholms län,0181,Södertälje,1,17.1,653197.740627938,6560936.14106259
01,Stockholms län,0181,Södertälje,1,17.1,652835.956981729,6561833.59705876
01,Stockholms län,0181,Södertälje,1,17.1,652431.942692177,6562171.64818252
01,Stockholms län,0181,Södertälje,1,17.1,651870.37971378,6561647.96162508
01,Stockholms län,0181,Södertälje,1,17.1,652046.552450324,6560638.2740067
01,Stockholms län,0181,Södertälje,1,17.1,653068.277961264,6558990.94092306
01,Stockholms län,0181,Södertälje,1,17.1,653423.46649095,6557232.55969214
01,Stockholms län,0181,Södertälje,1,17.1,653413.584555254,6556147.63853408
01,Stockholms län,0181,Södertälje,1,17.1,653074.41351294,6555587.64605693
01,Stockholms län,0181,Södertälje,1,17.1,652517.312769901,6555438.9393571
01,Stockholms län,0181,Södertälje,1,17.1,652000.590155964,6555589.67038824
01,Stockholms län,0181,Södertälje,1,17.1,651660.788754701,6554916.68290483
01,Stockholms län,0181,Södertälje,1,17.1,651952.503394632,6554356.31441799
01,Stockholms län,0181,Södertälje,1,17.1,650385.781493148,6553198.60471614
01,Stockholms län,0181,Södertälje,1,17.1,650011.808752288,6552788.15938612
01,Stockholms län,0181,Södertälje,1,17.1,650039.999830137,6551778.69445444
01,Stockholms län,0181,Södertälje,1,17.1,650849.196796186,6551253.57268143
01,Stockholms län,0181,Södertälje,1,17.1,650955.309523281,6550579.97338759
01,Stockholms län,0181,Södertälje,1,17.1,649976.152418742,6548786.49314341
01,Stockholms län,0181,Södertälje,1,17.1,650157.311535769,6544298.52436561
01,Stockholms län,0181,Södertälje,1,17.1,650587.289426023,6542801.99822905
01,Stockholms län,0181,Södertälje,1,17.1,651221.31584898,6543287.56068446
01,Stockholms län,0181,Södertälje,1,17.1,652017.352385588,6545342.78053311
01,Stockholms län,0181,Södertälje,1,17.1,652253.264885895,6546837.357601
01,Stockholms län,0181,Södertälje,1,17.1,652382.307658852,6548819.54579932
01,Stockholms län,0181,Södertälje,1,17.1,653241.024562859,6549491.78833545
01,Stockholms län,0181,Södertälje,1,17.1,654051.120353069,6548891.68085559
01,Stockholms län,0181,Södertälje,1,17.1,654259.259167979,6547469.45464936
01,Stockholms län,0181,Södertälje,1,17.1,654728.188312969,6542084.1148009105
01,Stockholms län,0181,Södertälje,1,17.1,654993.668071441,6538642.94482263
01,Stockholms län,0181,Södertälje,1,17.1,654604.985842414,6536549.64098055
01,Stockholms län,0181,Södertälje,1,17.1,654004.762107688,6535914.51388564
01,Stockholms län,0181,Södertälje,1,17.1,652936.170541349,6536477.51921443
01,Stockholms län,0181,Södertälje,1,17.1,651716.663149859,6536703.76692009
01,Stockholms län,0181,Södertälje,1,17.1,650846.676702746,6532405.08293804
01,Stockholms län,0181,Södertälje,1,17.1,649577.767544806,6537142.88208569
01,Stockholms län,0181,Södertälje,1,17.1,645189.74269683,6539204.54767641
01,Stockholms län,0181,Södertälje,1,17.1,644874.851595307,6541852.23948635
01,Stockholms län,0181,Södertälje,1,17.1,635822.997117532,6541576.04796132
01,Stockholms län,0181,Södertälje,1,17.1,631293.855138967,6547878.06796815
01,Stockholms län,0181,Södertälje,1,17.1,631797.412491221,6558086.99997793
14,Västra Götalands län,1488,Trollhättan,1,170.1,343863.43467261,6466444.46924072
14,Västra Götalands län,1488,Trollhättan,1,170.1,346490.854961125,6462954.85491571
14,Västra Götalands län,1488,Trollhättan,1,170.1,347356.608482962,6459848.90856212
14,Västra Götalands län,1488,Trollhättan,1,170.1,353150.381847885,6464614.80120175
14,Västra Götalands län,1488,Trollhättan,1,170.1,356460.921389117,6464340.62568168
14,Västra Götalands län,1488,Trollhättan,1,170.1,357391.50395597,6461831.10747122
14,Västra Götalands län,1488,Trollhättan,1,170.1,354826.770217393,6456664.10951232
14,Västra Götalands län,1488,Trollhättan,1,170.1,354588.345780887,6452869.26285613
14,Västra Götalands län,1488,Trollhättan,1,170.1,353723.042212398,6451847.44829602
14,Västra Götalands län,1488,Trollhättan,1,170.1,350281.390535661,6449800.33577856
14,Västra Götalands län,1488,Trollhättan,1,170.1,350839.006905104,6446715.66835134
14,Västra Götalands län,1488,Trollhättan,1,170.1,348202.193510455,6442305.4838766
14,Västra Götalands län,1488,Trollhättan,1,170.1,346461.959348487,6444409.52985774
14,Västra Götalands län,1488,Trollhättan,1,170.1,344551.051675705,6445324.16907948
14,Västra Götalands län,1488,Trollhättan,1,170.1,337056.946679511,6446511.83447977
14,Västra Götalands län,1488,Trollhättan,1,170.1,333853.694638618,6450189.45279635
14,Västra Götalands län,1488,Trollhättan,1,170.1,334229.583514905,6453771.97270734
14,Västra Götalands län,1488,Trollhättan,1,170.1,334035.206868421,6455732.5553818
14,Västra Götalands län,1488,Trollhättan,1,170.1,337975.678720211,6460769.98623112
14,Västra Götalands län,1488,Trollhättan,1,170.1,334318.728784763,6462769.05611683
14,Västra Götalands län,1488,Trollhättan,1,170.1,334010.714673735,6464369.4746135
14,Västra Götalands län,1488,Trollhättan,1,170.1,332532.984308959,6465416.17733407
14,Västra Götalands län,1488,Trollhättan,1,170.1,335870.168544601,6466664.49635729
14,Västra Götalands län,1488,Trollhättan,1,170.1,340645.336891798,6468182.93402933
14,Västra Götalands län,1488,Trollhättan,1,170.1,343863.43467261,6466444.46924072
14,Västra Götalands län,1489,Alingsås,1,171.1,349399.695577272,6431671.52866404
14,Västra Götalands län,1489,Alingsås,1,171.1,346524.216519455,6431841.0819884
14,Västra Götalands län,1489,Alingsås,1,171.1,344672.010738759,6435373.02088666
14,Västra Götalands län,1489,Alingsås,1,171.1,344717.59873112,6436743.81807757
14,Västra Götalands län,1489,Alingsås,1,171.1,345462.618886654,6438547.75062625
14,Västra Götalands län,1489,Alingsås,1,171.1,347614.335031184,6440564.39297157
14,Västra Götalands län,1489,Alingsås,1,171.1,348202.193510455,6442305.4838766
14,Västra Götalands län,1489,Alingsås,1,171.1,350839.006905104,6446715.66835134
14,Västra Götalands län,1489,Alingsås,1,171.1,350281.390535661,6449800.33577856
14,Västra Götalands län,1489,Alingsås,1,171.1,353723.042212398,6451847.44829602
14,Västra Götalands län,1489,Alingsås,1,171.1,354588.345780887,6452869.26285613
14,Västra Götalands län,1489,Alingsås,1,171.1,357458.842269071,6451364.43700527
14,Västra Götalands län,1489,Alingsås,1,171.1,362367.468993176,6452266.72550814
14,Västra Götalands län,1489,Alingsås,1,171.1,364598.584882344,6448818.23226903
14,Västra Götalands län,1489,Alingsås,1,171.1,363547.724017046,6446512.85886769
14,Västra Götalands län,1489,Alingsås,1,171.1,364821.801687227,6441017.95810488
14,Västra Götalands län,1489,Alingsås,1,171.1,358130.766950687,6437215.94050238
14,Västra Götalands län,1489,Alingsås,1,171.1,355368.7458311,6432069.64396715
14,Västra Götalands län,1489,Alingsås,1,171.1,357711.44513197,6427805.89643574
14,Västra Götalands län,1489,Alingsås,1,171.1,360598.082299664,6426703.95863836
14,Västra Götalands län,1489,Alingsås,1,171.1,361618.74729975,6414790.4009023
14,Västra Götalands län,1489,Alingsås,1,171.1,356686.020978634,6411800.14309386
14,Västra Götalands län,1489,Alingsås,1,171.1,357247.840120268,6409526.05502801
14,Västra Götalands län,1489,Alingsås,1,171.1,352271.566409224,6404403.46593441
14,Västra Götalands län,1489,Alingsås,1,171.1,350112.393278909,6405857.94521781
14,Västra Götalands län,1489,Alingsås,1,171.1,350693.402914711,6406921.29827312
14,Västra Götalands län,1489,Alingsås,1,171.1,350799.820875622,6408055.96289256
14,Västra Götalands län,1489,Alingsås,1,171.1,347823.856932214,6412631.99805513
14,Västra Götalands län,1489,Alingsås,1,171.1,347660.135244381,6417393.46400788
14,Västra Götalands län,1489,Alingsås,1,171.1,347182.856497455,6418276.29601283
14,Västra Götalands län,1489,Alingsås,1,171.1,346184.263536902,6418371.32583337
14,Västra Götalands län,1489,Alingsås,1,171.1,345883.562469103,6419198.28875417
14,Västra Götalands län,1489,Alingsås,1,171.1,346217.237026772,6421053.26265573
14,Västra Götalands län,1489,Alingsås,1,171.1,347007.887463309,6424228.98155212
14,Västra Götalands län,1489,Alingsås,1,171.1,348274.685999135,6426700.77406139
14,Västra Götalands län,1489,Alingsås,1,171.1,351171.486626328,6430521.31811919
14,Västra Götalands län,1489,Alingsås,1,171.1,349399.695577272,6431671.52866404
14,Västra Götalands län,1490,Borås,1,172.1,391933.085929786,6405167.72228899
14,Västra Götalands län,1490,Borås,1,172.1,394664.899520212,6404483.60660248
14,Västra Götalands län,1490,Borås,1,172.1,393974.071377634,6398117.47818521
14,Västra Götalands län,1490,Borås,1,172.1,396705.884938789,6397433.33813981
14,Västra Götalands län,1490,Borås,1,172.1,398201.930686467,6394596.52808797
14,Västra Götalands län,1490,Borås,1,172.1,393490.905899028,6390590.4121018
14,Västra Götalands län,1490,Borås,1,172.1,390482.967942895,6393650.10813517
14,Västra Götalands län,1490,Borås,1,172.1,387182.916955552,6392783.25804547
14,Västra Götalands län,1490,Borås,1,172.1,386858.582013985,6389799.8857426
14,Västra Götalands län,1490,Borås,1,172.1,378273.9376278,6383154.11317441
14,Västra Götalands län,1490,Borås,1,172.1,372791.642557974,6381732.64711535
14,Västra Götalands län,1490,Borås,1,172.1,367758.705994891,6385477.86407968
14,Västra Götalands län,1490,Borås,1,172.1,361785.511813497,6380459.45750609
14,Västra Götalands län,1490,Borås,1,172.1,358891.405601531,6385390.42788715
14,Västra Götalands län,1490,Borås,1,172.1,359695.451406783,6389133.02011848
14,Västra Götalands län,1490,Borås,1,172.1,358723.886817729,6391333.09165842
14,Västra Götalands län,1490,Borås,1,172.1,366666.450511184,6395815.48296784
14,Västra Götalands län,1490,Borås,1,172.1,366271.773196548,6396200.88623129
14,Västra Götalands län,1490,Borås,1,172.1,366645.564028016,6397570.42095908
14,Västra Götalands län,1490,Borås,1,172.1,364578.394581133,6399203.55130319
14,Västra Götalands län,1490,Borås,1,172.1,362900.001475483,6400938.74982076
14,Västra Götalands län,1490,Borås,1,172.1,363862.287494761,6402022.84776727
14,Västra Götalands län,1490,Borås,1,172.1,365359.436964948,6407306.23022933
14,Västra Götalands län,1490,Borås,1,172.1,363192.492240718,6409133.04096948
14,Västra Götalands län,1490,Borås,1,172.1,363664.866823344,6410406.3052431
14,Västra Götalands län,1490,Borås,1,172.1,365510.360185132,6411013.39476149
14,Västra Götalands län,1490,Borås,1,172.1,367151.496833392,6412398.1429063
14,Västra Götalands län,1490,Borås,1,172.1,367315.087667577,6415032.83280468
14,Västra Götalands län,1490,Borås,1,172.1,369783.458739664,6415296.54255421
14,Västra Götalands län,1490,Borås,1,172.1,374501.831587851,6421850.48364095
14,Västra Götalands län,1490,Borås,1,172.1,376855.542891777,6422612.19592992
14,Västra Götalands län,1490,Borås,1,172.1,381201.101899936,6418946.90208643
14,Västra Götalands län,1490,Borås,1,172.1,387695.065527535,6419684.03513262
14,Västra Götalands län,1490,Borås,1,172.1,388432.414755779,6417864.72567175
14,Västra Götalands län,1490,Borås,1,172.1,387819.53466491,6413436.60433855
14,Västra Götalands län,1490,Borås,1,172.1,389960.507109096,6411002.3351375
14,Västra Götalands län,1490,Borås,1,172.1,389106.647690524,6408677.30323425
14,Västra Götalands län,1490,Borås,1,172.1,392191.515666644,6407554.62653271
14,Västra Götalands län,1490,Borås,1,172.1,391933.085929786,6405167.72228899
14,Västra Götalands län,1491,Ulricehamn,1,173.1,398201.930686467,6394596.52808797
14,Västra Götalands län,1491,Ulricehamn,1,173.1,396705.884938789,6397433.33813981
14,Västra Götalands län,1491,Ulricehamn,1,173.1,393974.071377634,6398117.47818521
14,Västra Götalands län,1491,Ulricehamn,1,173.1,394664.899520212,6404483.60660248
14,Västra Götalands län,1491,Ulricehamn,1,173.1,391933.085929786,6405167.72228899
14,Västra Götalands län,1491,Ulricehamn,1,173.1,392191.515666644,6407554.62653271
14,Västra Götalands län,1491,Ulricehamn,1,173.1,389106.647690524,6408677.30323425
14,Västra Götalands län,1491,Ulricehamn,1,173.1,389960.507109096,6411002.3351375
14,Västra Götalands län,1491,Ulricehamn,1,173.1,387819.53466491,6413436.60433855
14,Västra Götalands län,1491,Ulricehamn,1,173.1,388432.414755779,6417864.72567175
14,Västra Götalands län,1491,Ulricehamn,1,173.1,394497.895042307,6419586.25716019
14,Västra Götalands län,1491,Ulricehamn,1,173.1,397813.347564887,6424273.56669005
14,Västra Götalands län,1491,Ulricehamn,1,173.1,401884.396234902,6424859.88339296
14,Västra Götalands län,1491,Ulricehamn,1,173.1,403425.337093007,6427985.78960225
14,Västra Götalands län,1491,Ulricehamn,1,173.1,405956.473444756,6425445.21743215
14,Västra Götalands län,1491,Ulricehamn,1,173.1,410601.402877307,6425770.52441288
14,Västra Götalands län,1491,Ulricehamn,1,173.1,412881.892077163,6430162.71553748
14,Västra Götalands län,1491,Ulricehamn,1,173.1,414932.874601592,6428744.86441911
14,Västra Götalands län,1491,Ulricehamn,1,173.1,415258.199551698,6420663.47944699
14,Västra Götalands län,1491,Ulricehamn,1,173.1,417791.937707111,6420001.01928485
14,Västra Götalands län,1491,Ulricehamn,1,173.1,423540.598539652,6422491.48316841
14,Västra Götalands län,1491,Ulricehamn,1,173.1,425814.757992044,6416357.38565268
14,Västra Götalands län,1491,Ulricehamn,1,173.1,425274.106714713,6411987.91240497
14,Västra Götalands län,1491,Ulricehamn,1,173.1,425183.519628609,6403145.81355548
14,Västra Götalands län,1491,Ulricehamn,1,173.1,423231.732334592,6399928.03002833
14,Västra Götalands län,1491,Ulricehamn,1,173.1,422966.254381447,6396870.25565333
14,Västra Götalands län,1491,Ulricehamn,1,173.1,416956.407255213,6390114.82439286
14,Västra Götalands län,1491,Ulricehamn,1,173.1,412656.399984217,6392972.33235665
14,Västra Götalands län,1491,Ulricehamn,1,173.1,408463.614761476,6387571.98406583
14,Västra Götalands län,1491,Ulricehamn,1,173.1,404787.82133263,6386944.5608947
14,Västra Götalands län,1491,Ulricehamn,1,173.1,402164.100169005,6388623.54621968
14,Västra Götalands län,1491,Ulricehamn,1,173.1,400427.557814811,6387394.48616843
14,Västra Götalands län,1491,Ulricehamn,1,173.1,398971.117357993,6388751.5044723
14,Västra Götalands län,1491,Ulricehamn,1,173.1,398201.930686467,6394596.52808797
14,Västra Götalands län,1492,Åmål,1,174.1,361197.347742318,6557531.02134556
14,Västra Götalands län,1492,Åmål,1,174.1,365126.972008718,6564173.15354287
14,Västra Götalands län,1492,Åmål,1,174.1,369137.464952066,6562145.70416413
14,Västra Götalands län,1492,Åmål,1,174.1,372245.447361672,6559206.79049058
14,Västra Götalands län,1492,Åmål,1,174.1,372298.413882424,6550026.04896624
14,Västra Götalands län,1492,Åmål,1,174.1,367156.508626942,6540879.57750368
14,Västra Götalands län,1492,Åmål,1,174.1,364985.634831878,6537482.10898696
14,Västra Götalands län,1492,Åmål,1,174.1,363861.175034542,6528948.92788685
14,Västra Götalands län,1492,Åmål,1,174.1,358969.648275533,6521406.85603073
14,Västra Götalands län,1492,Åmål,1,174.1,352021.741843531,6526346.49912555
14,Västra Götalands län,1492,Åmål,1,174.1,352727.048586342,6535325.26621131
14,Västra Götalands län,1492,Åmål,1,174.1,350827.125263502,6538135.85041252
14,Västra Götalands län,1492,Åmål,1,174.1,351847.599791056,6553116.27033955
14,Västra Götalands län,1492,Åmål,1,174.1,354952.478666272,6558945.75263499
14,Västra Götalands län,1492,Åmål,1,174.1,361197.347742318,6557531.02134556
14,Västra Götalands län,1493,Mariestad,1,175.1,428290.68253192,6489121.52985495
14,Västra Götalands län,1493,Mariestad,1,175.1,428785.480329359,6493697.438569
14,Västra Götalands län,1493,Mariestad,1,175.1,426471.397743442,6494539.25933678
14,Västra Götalands län,1493,Mariestad,1,175.1,423970.486010485,6491795.43009065
14,Västra Götalands län,1493,Mariestad,1,175.1,423477.436505855,6494647.23084144
14,Västra Götalands län,1493,Mariestad,1,175.1,420219.537620337,6494178.28085553
14,Västra Götalands län,1493,Mariestad,1,175.1,417552.360969709,6495458.64532128
14,Västra Götalands län,1493,Mariestad,1,175.1,420008.092911984,6499630.27921956
14,Västra Götalands län,1493,Mariestad,1,175.1,418397.465090265,6501406.09933507
14,Västra Götalands län,1493,Mariestad,1,175.1,419595.652700982,6506915.01597221
14,Västra Götalands län,1493,Mariestad,1,175.1,424813.516382446,6506980.7716647
14,Västra Götalands län,1493,Mariestad,1,175.1,428730.685690213,6507985.46292136
14,Västra Götalands län,1493,Mariestad,1,175.1,434047.999291518,6512667.41340916
14,Västra Götalands län,1493,Mariestad,1,175.1,435736.453046769,6515309.58862093
14,Västra Götalands län,1493,Mariestad,1,175.1,433664.673715533,6516529.10577642
14,Västra Götalands län,1493,Mariestad,1,175.1,429484.538593779,6514948.46921313
14,Västra Götalands län,1493,Mariestad,1,175.1,426890.692659909,6513204.0028066
14,Västra Götalands län,1493,Mariestad,1,175.1,426329.789693802,6517285.43589514
14,Västra Götalands län,1493,Mariestad,1,175.1,422887.714373291,6520656.46948776
14,Västra Götalands län,1493,Mariestad,1,175.1,424089.608135862,6524355.29377529
14,Västra Götalands län,1493,Mariestad,1,175.1,433914.18392468,6522537.49791914
14,Västra Götalands län,1493,Mariestad,1,175.1,436891.39052036,6520421.28301658
14,Västra Götalands län,1493,Mariestad,1,175.1,440275.080956568,6523894.56425508
14,Västra Götalands län,1493,Mariestad,1,175.1,442646.73088161,6529148.90839877
14,Västra Götalands län,1493,Mariestad,1,175.1,449841.167364005,6528944.74163907
14,Västra Götalands län,1493,Mariestad,1,175.1,449880.497297141,6518210.69424957
14,Västra Götalands län,1493,Mariestad,1,175.1,445840.859232782,6516079.94016885
14,Västra Götalands län,1493,Mariestad,1,175.1,442933.207759466,6516983.54188607
14,Västra Götalands län,1493,Mariestad,1,175.1,444285.759161562,6512820.58774573
14,Västra Götalands län,1493,Mariestad,1,175.1,442838.632452791,6510556.13819038
14,Västra Götalands län,1493,Mariestad,1,175.1,438150.367998057,6509831.01575742
14,Västra Götalands län,1493,Mariestad,1,175.1,437783.207872222,6506450.05715941
14,Västra Götalands län,1493,Mariestad,1,175.1,440407.27721912,6504771.3515011
14,Västra Götalands län,1493,Mariestad,1,175.1,436396.390608279,6497338.32317497
14,Västra Götalands län,1493,Mariestad,1,175.1,438110.326643531,6495284.81544548
14,Västra Götalands län,1493,Mariestad,1,175.1,435349.308722291,6493222.52535593
14,Västra Götalands län,1493,Mariestad,1,175.1,433573.388831546,6489784.6859472
14,Västra Götalands län,1493,Mariestad,1,175.1,428290.68253192,6489121.52985495
14,Västra Götalands län,1494,Lidköping,1,176.1,392982.19555973,6466611.28597024
14,Västra Götalands län,1494,Lidköping,1,176.1,390909.582778821,6467830.84140808
14,Västra Götalands län,1494,Lidköping,1,176.1,384170.577826454,6468524.69626587
14,Västra Götalands län,1494,Lidköping,1,176.1,381201.093846751,6467019.84534599
14,Västra Götalands län,1494,Lidköping,1,176.1,378082.430314494,6473376.25899515
14,Västra Götalands län,1494,Lidköping,1,176.1,373643.024880398,6473096.14351624
14,Västra Götalands län,1494,Lidköping,1,176.1,373713.790055735,6477446.78829693
14,Västra Götalands län,1494,Lidköping,1,176.1,366082.766404676,6473607.18267513
14,Västra Götalands län,1494,Lidköping,1,176.1,361723.311732838,6475916.67783363
14,Västra Götalands län,1494,Lidköping,1,176.1,365919.367702084,6477647.13304882
14,Västra Götalands län,1494,Lidköping,1,176.1,365782.299222568,6480075.24277296
14,Västra Götalands län,1494,Lidköping,1,176.1,370150.831704199,6485257.03899717
14,Västra Götalands län,1494,Lidköping,1,176.1,377084.159447969,6486352.75807331
14,Västra Götalands län,1494,Lidköping,1,176.1,380724.933949187,6492212.56774436
14,Västra Götalands län,1494,Lidköping,1,176.1,380543.611915751,6494243.38097194
14,Västra Götalands län,1494,Lidköping,1,176.1,384387.274514068,6498271.59588815
14,Västra Götalands län,1494,Lidköping,1,176.1,390683.733816104,6508284.4442234
14,Västra Götalands län,1494,Lidköping,1,176.1,394603.548547109,6507478.00743868
14,Västra Götalands län,1494,Lidköping,1,176.1,396987.149775726,6505421.67886952
14,Västra Götalands län,1494,Lidköping,1,176.1,394823.594269427,6498404.02467115
14,Västra Götalands län,1494,Lidköping,1,176.1,391479.624571799,6487885.91557221
14,Västra Götalands län,1494,Lidköping,1,176.1,393707.214307201,6486248.47332748
14,Västra Götalands län,1494,Lidköping,1,176.1,398301.915188255,6485507.00351604
14,Västra Götalands län,1494,Lidköping,1,176.1,400959.099312723,6482887.16222715
14,Västra Götalands län,1494,Lidköping,1,176.1,402420.941456657,6478510.79018378
14,Västra Götalands län,1494,Lidköping,1,176.1,403595.196346204,6475776.1693085
14,Västra Götalands län,1494,Lidköping,1,176.1,399436.754537789,6474393.94252923
14,Västra Götalands län,1494,Lidköping,1,176.1,395912.26258864,6475159.2913884
14,Västra Götalands län,1494,Lidköping,1,176.1,393559.796315097,6473792.72467083
14,Västra Götalands län,1494,Lidköping,1,176.1,395000.9506715,6469219.22786106
14,Västra Götalands län,1494,Lidköping,1,176.1,392982.19555973,6466611.28597024
14,Västra Götalands län,1495,Skara,1,177.1,426699.80725963,6472589.78432831
14,Västra Götalands län,1495,Skara,1,177.1,422036.915461233,6470253.91163051
14,Västra Götalands län,1495,Skara,1,177.1,423032.404845386,6468340.71500532
14,Västra Götalands län,1495,Skara,1,177.1,418452.21368364,6468612.6803342
14,Västra Götalands län,1495,Skara,1,177.1,415289.151668006,6465318.27417879
14,Västra Götalands län,1495,Skara,1,177.1,412337.472448689,6465822.66050352
14,Västra Götalands län,1495,Skara,1,177.1,410453.462983826,6461390.14411723
14,Västra Götalands län,1495,Skara,1,177.1,406207.074886449,6460419.7263727
14,Västra Götalands län,1495,Skara,1,177.1,402478.484125728,6463620.53641345
14,Västra Götalands län,1495,Skara,1,177.1,397677.665124518,6463712.96216206
14,Västra Götalands län,1495,Skara,1,177.1,397557.520767992,6468151.39128962
14,Västra Götalands län,1495,Skara,1,177.1,395000.9506715,6469219.22786106
14,Västra Götalands län,1495,Skara,1,177.1,393559.796315097,6473792.72467083
14,Västra Götalands län,1495,Skara,1,177.1,395912.26258864,6475159.2913884
14,Västra Götalands län,1495,Skara,1,177.1,399436.754537789,6474393.94252923
14,Västra Götalands län,1495,Skara,1,177.1,403595.196346204,6475776.1693085
14,Västra Götalands län,1495,Skara,1,177.1,402420.941456657,6478510.79018378
14,Västra Götalands län,1495,Skara,1,177.1,407883.284178899,6478351.41836364
14,Västra Götalands län,1495,Skara,1,177.1,408253.259570532,6479922.11876254
14,Västra Götalands län,1495,Skara,1,177.1,415604.806878025,6481175.77807547
14,Västra Götalands län,1495,Skara,1,177.1,419438.02339677,6483261.84693343
14,Västra Götalands län,1495,Skara,1,177.1,423157.297920301,6480599.69416824
14,Västra Götalands län,1495,Skara,1,177.1,425735.328175412,6480333.75981784
14,Västra Götalands län,1495,Skara,1,177.1,428326.03146797,6476512.53951706
14,Västra Götalands län,1495,Skara,1,177.1,426699.80725963,6472589.78432831
14,Västra Götalands län,1496,Skövde,1,178.1,442781.706510345,6497083.19043619
14,Västra Götalands län,1496,Skövde,1,178.1,446504.741965086,6487044.17904029
14,Västra Götalands län,1496,Skövde,1,178.1,449544.225430694,6486730.81043369
14,Västra Götalands län,1496,Skövde,1,178.1,447702.189357634,6483300.1341916
14,Västra Götalands län,1496,Skövde,1,178.1,447753.862814972,6480076.11682468
14,Västra Götalands län,1496,Skövde,1,178.1,444849.982037329,6479168.64908533
14,Västra Götalands län,1496,Skövde,1,178.1,445766.548926529,6472837.3382835
14,Västra Götalands län,1496,Skövde,1,178.1,449680.346955996,6468879.93108027
14,Västra Götalands län,1496,Skövde,1,178.1,448446.888978232,6466124.30072533
14,Västra Götalands län,1496,Skövde,1,178.1,446507.485162509,6466726.80642823
14,Västra Götalands län,1496,Skövde,1,178.1,445611.518895881,6464002.22234393
14,Västra Götalands län,1496,Skövde,1,178.1,442638.107201453,6464309.46227826
14,Västra Götalands län,1496,Skövde,1,178.1,439410.353820249,6459813.73509847
14,Västra Götalands län,1496,Skövde,1,178.1,434618.481011647,6456887.61463335
14,Västra Götalands län,1496,Skövde,1,178.1,432186.935712901,6457272.33431652
14,Västra Götalands län,1496,Skövde,1,178.1,431528.700954551,6459821.32641041
14,Västra Götalands län,1496,Skövde,1,178.1,434338.746884853,6463554.34724616
14,Västra Götalands län,1496,Skövde,1,178.1,426608.603448108,6464352.3624142
14,Västra Götalands län,1496,Skövde,1,178.1,424431.5989261,6462764.99370811
14,Västra Götalands län,1496,Skövde,1,178.1,421609.507870944,6464464.40975067
14,Västra Götalands län,1496,Skövde,1,178.1,423057.700931281,6466729.74611598
14,Västra Götalands län,1496,Skövde,1,178.1,426095.861921838,6467020.03419883
14,Västra Götalands län,1496,Skövde,1,178.1,428534.851504598,6469182.30120687
14,Västra Götalands län,1496,Skövde,1,178.1,429474.014353971,6472303.18451759
14,Västra Götalands län,1496,Skövde,1,178.1,428326.03146797,6476512.53951706
14,Västra Götalands län,1496,Skövde,1,178.1,425735.328175412,6480333.75981784
14,Västra Götalands län,1496,Skövde,1,178.1,423157.297920301,6480599.69416824
14,Västra Götalands län,1496,Skövde,1,178.1,419438.02339677,6483261.84693343
14,Västra Götalands län,1496,Skövde,1,178.1,423970.486010485,6491795.43009065
14,Västra Götalands län,1496,Skövde,1,178.1,426471.397743442,6494539.25933678
14,Västra Götalands län,1496,Skövde,1,178.1,428785.480329359,6493697.438569
14,Västra Götalands län,1496,Skövde,1,178.1,428290.68253192,6489121.52985495
14,Västra Götalands län,1496,Skövde,1,178.1,433573.388831546,6489784.6859472
14,Västra Götalands län,1496,Skövde,1,178.1,435349.308722291,6493222.52535593
14,Västra Götalands län,1496,Skövde,1,178.1,438110.326643531,6495284.81544548
14,Västra Götalands län,1496,Skövde,1,178.1,442781.706510345,6497083.19043619
14,Västra Götalands län,1497,Hjo,1,179.1,445537.140717391,6457774.98338061
14,Västra Götalands län,1497,Hjo,1,179.1,443115.009377269,6457622.04332459
14,Västra Götalands län,1497,Hjo,1,179.1,442340.285593823,6459713.86946332
14,Västra Götalands län,1497,Hjo,1,179.1,439410.353820249,6459813.73509847
14,Västra Götalands län,1497,Hjo,1,179.1,442638.107201453,6464309.46227826
14,Västra Götalands län,1497,Hjo,1,179.1,445611.518895881,6464002.22234393
14,Västra Götalands län,1497,Hjo,1,179.1,446507.485162509,6466726.80642823
14,Västra Götalands län,1497,Hjo,1,179.1,448446.888978232,6466124.30072533
14,Västra Götalands län,1497,Hjo,1,179.1,449680.346955996,6468879.93108027
14,Västra Götalands län,1497,Hjo,1,179.1,452867.573942369,6468082.46818969
14,Västra Götalands län,1497,Hjo,1,179.1,457224.446776346,6469444.13412597
14,Västra Götalands län,1497,Hjo,1,179.1,457569.146433618,6472626.96214808
14,Västra Götalands län,1497,Hjo,1,179.1,459114.732143847,6473942.959552
14,Västra Götalands län,1497,Hjo,1,179.1,464789.02059668,6473894.0306278
14,Västra Götalands län,1497,Hjo,1,179.1,462029.301362229,6467540.50767593
14,Västra Götalands län,1497,Hjo,1,179.1,457857.348064913,6462337.63807175
14,Västra Götalands län,1497,Hjo,1,179.1,456180.739205856,6454262.8844819805
14,Västra Götalands län,1497,Hjo,1,179.1,454077.783173174,6449652.62313236
14,Västra Götalands län,1497,Hjo,1,179.1,453661.199076944,6445201.4893405
14,Västra Götalands län,1497,Hjo,1,179.1,447795.823103927,6445940.02616216
14,Västra Götalands län,1497,Hjo,1,179.1,447381.515833207,6450745.03897327
14,Västra Götalands län,1497,Hjo,1,179.1,448743.361265955,6452213.72097114
14,Västra Götalands län,1497,Hjo,1,179.1,450140.07592256,6457702.13214514
14,Västra Götalands län,1497,Hjo,1,179.1,446282.897000485,6459105.34272423
14,Västra Götalands län,1497,Hjo,1,179.1,445537.140717391,6457774.98338061
01,Stockholms län,0182,Nacka,1,18.1,680129.593441984,6573380.83218535
01,Stockholms län,0182,Nacka,1,18.1,679288.944527109,6574766.43852743
01,Stockholms län,0182,Nacka,1,18.1,677747.515892924,6576226.55229587
01,Stockholms län,0182,Nacka,1,18.1,677688.037780566,6577835.57497146
01,Stockholms län,0182,Nacka,1,18.1,677245.940616164,6578097.18237932
01,Stockholms län,0182,Nacka,1,18.1,676616.112811078,6578173.53989744
01,Stockholms län,0182,Nacka,1,18.1,676553.428333699,6579469.57470001
01,Stockholms län,0182,Nacka,1,18.1,677589.94172864,6579331.14794878
01,Stockholms län,0182,Nacka,1,18.1,678852.231256907,6579703.37863993
01,Stockholms län,0182,Nacka,1,18.1,680824.739169339,6580709.11841452
01,Stockholms län,0182,Nacka,1,18.1,681905.434374739,6581381.10243831
01,Stockholms län,0182,Nacka,1,18.1,682312.279513096,6581306.04572664
01,Stockholms län,0182,Nacka,1,18.1,682337.605333116,6579958.55373467
01,Stockholms län,0182,Nacka,1,18.1,682580.298425144,6578163.77409124
01,Stockholms län,0182,Nacka,1,18.1,682981.50952614,6577563.72274882
01,Stockholms län,0182,Nacka,1,18.1,685168.314824012,6577635.18811313
01,Stockholms län,0182,Nacka,1,18.1,686280.903278501,6577820.63884176
01,Stockholms län,0182,Nacka,1,18.1,687167.416371699,6577519.42266067
01,Stockholms län,0182,Nacka,1,18.1,687676.030399615,6576471.73600877
01,Stockholms län,0182,Nacka,1,18.1,687928.507074508,6575685.90111659
01,Stockholms län,0182,Nacka,1,18.1,689407.485199116,6575421.85282942
01,Stockholms län,0182,Nacka,1,18.1,690183.115743052,6575195.27648129
01,Stockholms län,0182,Nacka,1,18.1,690436.150291138,6574446.44358755
01,Stockholms län,0182,Nacka,1,18.1,689839.741033752,6574074.27565872
01,Stockholms län,0182,Nacka,1,18.1,688693.707398759,6574338.3667585
01,Stockholms län,0182,Nacka,1,18.1,686698.07481342,6574828.13806691
01,Stockholms län,0182,Nacka,1,18.1,685696.570118122,6574717.02098282
01,Stockholms län,0182,Nacka,1,18.1,685471.666134557,6574381.34982294
01,Stockholms län,0182,Nacka,1,18.1,685653.722685328,6574043.60524131
01,Stockholms län,0182,Nacka,1,18.1,686093.548664659,6573557.0001554
01,Stockholms län,0182,Nacka,1,18.1,685090.755511574,6573221.91342301
01,Stockholms län,0182,Nacka,1,18.1,684389.873099088,6573634.37298146
01,Stockholms län,0182,Nacka,1,18.1,681832.764676041,6572105.64445665
01,Stockholms län,0182,Nacka,1,18.1,680898.449483138,6572556.26553642
01,Stockholms län,0182,Nacka,1,18.1,680129.593441984,6573380.83218535
01,Stockholms län,0182,Nacka,2,18.2,687951.775088084,6582268.21905675
01,Stockholms län,0182,Nacka,2,18.2,687712.555240738,6580473.58175069
01,Stockholms län,0182,Nacka,2,18.2,687446.105111614,6579688.47304483
01,Stockholms län,0182,Nacka,2,18.2,686698.892194388,6579054.51300066
01,Stockholms län,0182,Nacka,2,18.2,685508.200556724,6578383.19590002
01,Stockholms län,0182,Nacka,2,18.2,684139.025172417,6578497.59779163
01,Stockholms län,0182,Nacka,2,18.2,683474.585451612,6578872.4965317
01,Stockholms län,0182,Nacka,2,18.2,683405.151170371,6579321.5858054
01,Stockholms län,0182,Nacka,2,18.2,683339.744933163,6580181.65643395
01,Stockholms län,0182,Nacka,2,18.2,683475.006031081,6582799.90072084
01,Stockholms län,0182,Nacka,2,18.2,684814.315342043,6583583.00538122
01,Stockholms län,0182,Nacka,2,18.2,685300.26796481,6583993.83659042
01,Stockholms län,0182,Nacka,2,18.2,685529.735589205,6584777.49654898
01,Stockholms län,0182,Nacka,2,18.2,687938.694109795,6584998.66268914
01,Stockholms län,0182,Nacka,2,18.2,688938.376486502,6584847.79541696
01,Stockholms län,0182,Nacka,2,18.2,690124.132534887,6585019.14348753
01,Stockholms län,0182,Nacka,2,18.2,690938.582128036,6584807.04495522
01,Stockholms län,0182,Nacka,2,18.2,690889.004327492,6583534.62824839
01,Stockholms län,0182,Nacka,2,18.2,690169.00034367,6581728.16126577
01,Stockholms län,0182,Nacka,2,18.2,689394.859936287,6582078.7324982
01,Stockholms län,0182,Nacka,2,18.2,687951.775088084,6582268.21905675
14,Västra Götalands län,1498,Tidaholm,1,180.1,445537.140717391,6457774.98338061
14,Västra Götalands län,1498,Tidaholm,1,180.1,446282.897000485,6459105.34272423
14,Västra Götalands län,1498,Tidaholm,1,180.1,450140.07592256,6457702.13214514
14,Västra Götalands län,1498,Tidaholm,1,180.1,448743.361265955,6452213.72097114
14,Västra Götalands län,1498,Tidaholm,1,180.1,447381.515833207,6450745.03897327
14,Västra Götalands län,1498,Tidaholm,1,180.1,447795.823103927,6445940.02616216
14,Västra Götalands län,1498,Tidaholm,1,180.1,447741.58366013,6437430.97878054
14,Västra Götalands län,1498,Tidaholm,1,180.1,445194.403562804,6434272.88547732
14,Västra Götalands län,1498,Tidaholm,1,180.1,444979.255138336,6432284.16341479
14,Västra Götalands län,1498,Tidaholm,1,180.1,438542.531411742,6430232.16643216
14,Västra Götalands län,1498,Tidaholm,1,180.1,438041.700537897,6432998.97927078
14,Västra Götalands län,1498,Tidaholm,1,180.1,433634.377305727,6434861.51206033
14,Västra Götalands län,1498,Tidaholm,1,180.1,431896.827470538,6433632.29016556
14,Västra Götalands län,1498,Tidaholm,1,180.1,429074.772818194,6435331.81562756
14,Västra Götalands län,1498,Tidaholm,1,180.1,427762.148331313,6434931.30632067
14,Västra Götalands län,1498,Tidaholm,1,180.1,426141.020816995,6437847.6286222
14,Västra Götalands län,1498,Tidaholm,1,180.1,426218.179997534,6442264.56916189
14,Västra Götalands län,1498,Tidaholm,1,180.1,424361.6386135,6445472.93122757
14,Västra Götalands län,1498,Tidaholm,1,180.1,426580.907297478,6447457.58655179
14,Västra Götalands län,1498,Tidaholm,1,180.1,428068.706664922,6451931.39414033
14,Västra Götalands län,1498,Tidaholm,1,180.1,426783.98882212,6454879.70354149
14,Västra Götalands län,1498,Tidaholm,1,180.1,432186.935712901,6457272.33431652
14,Västra Götalands län,1498,Tidaholm,1,180.1,434618.481011647,6456887.61463335
14,Västra Götalands län,1498,Tidaholm,1,180.1,439410.353820249,6459813.73509847
14,Västra Götalands län,1498,Tidaholm,1,180.1,442340.285593823,6459713.86946332
14,Västra Götalands län,1498,Tidaholm,1,180.1,443115.009377269,6457622.04332459
14,Västra Götalands län,1498,Tidaholm,1,180.1,445537.140717391,6457774.98338061
14,Västra Götalands län,1499,Falköping,1,181.1,392561.603225921,6438694.83216285
14,Västra Götalands län,1499,Falköping,1,181.1,393546.384060515,6444693.68133305
14,Västra Götalands län,1499,Falköping,1,181.1,395979.339334316,6446187.06874267
14,Västra Götalands län,1499,Falköping,1,181.1,396716.720509573,6451139.49621781
14,Västra Götalands län,1499,Falköping,1,181.1,399711.563961812,6451032.40215726
14,Västra Götalands län,1499,Falköping,1,181.1,403485.999152074,6456275.08932819
14,Västra Götalands län,1499,Falköping,1,181.1,406207.074886449,6460419.7263727
14,Västra Götalands län,1499,Falköping,1,181.1,410453.462983826,6461390.14411723
14,Västra Götalands län,1499,Falköping,1,181.1,412337.472448689,6465822.66050352
14,Västra Götalands län,1499,Falköping,1,181.1,415289.151668006,6465318.27417879
14,Västra Götalands län,1499,Falköping,1,181.1,418452.21368364,6468612.6803342
14,Västra Götalands län,1499,Falköping,1,181.1,423032.404845386,6468340.71500532
14,Västra Götalands län,1499,Falköping,1,181.1,422036.915461233,6470253.91163051
14,Västra Götalands län,1499,Falköping,1,181.1,426699.80725963,6472589.78432831
14,Västra Götalands län,1499,Falköping,1,181.1,428326.03146797,6476512.53951706
14,Västra Götalands län,1499,Falköping,1,181.1,429474.014353971,6472303.18451759
14,Västra Götalands län,1499,Falköping,1,181.1,428534.851504598,6469182.30120687
14,Västra Götalands län,1499,Falköping,1,181.1,426095.861921838,6467020.03419883
14,Västra Götalands län,1499,Falköping,1,181.1,423057.700931281,6466729.74611598
14,Västra Götalands län,1499,Falköping,1,181.1,421609.507870944,6464464.40975067
14,Västra Götalands län,1499,Falköping,1,181.1,424431.5989261,6462764.99370811
14,Västra Götalands län,1499,Falköping,1,181.1,426608.603448108,6464352.3624142
14,Västra Götalands län,1499,Falköping,1,181.1,434338.746884853,6463554.34724616
14,Västra Götalands län,1499,Falköping,1,181.1,431528.700954551,6459821.32641041
14,Västra Götalands län,1499,Falköping,1,181.1,432186.935712901,6457272.33431652
14,Västra Götalands län,1499,Falköping,1,181.1,426783.98882212,6454879.70354149
14,Västra Götalands län,1499,Falköping,1,181.1,428068.706664922,6451931.39414033
14,Västra Götalands län,1499,Falköping,1,181.1,426580.907297478,6447457.58655179
14,Västra Götalands län,1499,Falköping,1,181.1,424361.6386135,6445472.93122757
14,Västra Götalands län,1499,Falköping,1,181.1,426218.179997534,6442264.56916189
14,Västra Götalands län,1499,Falköping,1,181.1,426141.020816995,6437847.6286222
14,Västra Götalands län,1499,Falköping,1,181.1,427762.148331313,6434931.30632067
14,Västra Götalands län,1499,Falköping,1,181.1,426597.095182368,6430961.16538612
14,Västra Götalands län,1499,Falköping,1,181.1,423610.409717395,6427447.08053165
14,Västra Götalands län,1499,Falköping,1,181.1,423540.598539652,6422491.48316841
14,Västra Götalands län,1499,Falköping,1,181.1,417791.937707111,6420001.01928485
14,Västra Götalands län,1499,Falköping,1,181.1,415258.199551698,6420663.47944699
14,Västra Götalands län,1499,Falköping,1,181.1,414932.874601592,6428744.86441911
14,Västra Götalands län,1499,Falköping,1,181.1,412881.892077163,6430162.71553748
14,Västra Götalands län,1499,Falköping,1,181.1,410601.402877307,6425770.52441288
14,Västra Götalands län,1499,Falköping,1,181.1,405956.473444756,6425445.21743215
14,Västra Götalands län,1499,Falköping,1,181.1,403425.337093007,6427985.78960225
14,Västra Götalands län,1499,Falköping,1,181.1,400153.033573952,6431072.23914297
14,Västra Götalands län,1499,Falköping,1,181.1,399916.716299188,6438137.02568777
14,Västra Götalands län,1499,Falköping,1,181.1,395707.730092014,6439978.82048187
14,Västra Götalands län,1499,Falköping,1,181.1,392561.603225921,6438694.83216285
17,Värmlands län,1715,Kil,1,182.1,395448.712201781,6595063.34238714
17,Värmlands län,1715,Kil,1,182.1,390378.188411494,6600826.04497218
17,Värmlands län,1715,Kil,1,182.1,383672.842786226,6604004.08438058
17,Värmlands län,1715,Kil,1,182.1,386515.024864399,6609884.75373065
17,Värmlands län,1715,Kil,1,182.1,390162.514914433,6610110.97133762
17,Värmlands län,1715,Kil,1,182.1,388723.744567208,6615496.8975931
17,Värmlands län,1715,Kil,1,182.1,391856.563273897,6615306.07529584
17,Värmlands län,1715,Kil,1,182.1,396665.410943799,6614472.92235664
17,Värmlands län,1715,Kil,1,182.1,407103.045789231,6616076.0626456
17,Värmlands län,1715,Kil,1,182.1,408193.509165796,6607438.2910793
17,Värmlands län,1715,Kil,1,182.1,411564.67984224,6605074.313929
17,Värmlands län,1715,Kil,1,182.1,408360.23534517,6596747.23134573
17,Värmlands län,1715,Kil,1,182.1,399189.199694695,6598503.11025134
17,Värmlands län,1715,Kil,1,182.1,395448.712201781,6595063.34238714
17,Värmlands län,1730,Eda,1,183.1,356534.677973269,6645813.88480672
17,Värmlands län,1730,Eda,1,183.1,357338.358724717,6643919.65521791
17,Värmlands län,1730,Eda,1,183.1,357831.723353829,6637222.10868578
17,Värmlands län,1730,Eda,1,183.1,358905.328099051,6634089.79699162
17,Värmlands län,1730,Eda,1,183.1,352224.205134752,6629949.57953467
17,Värmlands län,1730,Eda,1,183.1,347265.882367972,6615560.79431222
17,Värmlands län,1730,Eda,1,183.1,347277.963145262,6609384.20223407
17,Värmlands län,1730,Eda,1,183.1,341152.606528882,6612971.83356487
17,Värmlands län,1730,Eda,1,183.1,338196.047624884,6611667.59147973
17,Värmlands län,1730,Eda,1,183.1,331745.706653312,6615355.16967589
17,Värmlands län,1730,Eda,1,183.1,328057.822105013,6624799.14218443
17,Värmlands län,1730,Eda,1,183.1,327829.743451961,6631468.70089898
17,Värmlands län,1730,Eda,1,183.1,324352.297760427,6638474.48732244
17,Värmlands län,1730,Eda,1,183.1,330626.79531425,6644468.68998281
17,Värmlands län,1730,Eda,1,183.1,335256.310903557,6642580.15967433
17,Värmlands län,1730,Eda,1,183.1,341178.438863026,6643375.933049
17,Värmlands län,1730,Eda,1,183.1,344831.091818544,6647428.32657491
17,Värmlands län,1730,Eda,1,183.1,352025.26909888303,6650712.348286
17,Värmlands län,1730,Eda,1,183.1,353970.839202206,6655746.47572912
17,Värmlands län,1730,Eda,1,183.1,357821.232459784,6658501.05475736
17,Värmlands län,1730,Eda,1,183.1,359688.617491775,6652736.79938692
17,Värmlands län,1730,Eda,1,183.1,358674.087487173,6647002.3605552
17,Värmlands län,1730,Eda,1,183.1,356534.677973269,6645813.88480672
17,Värmlands län,1737,Torsby,1,184.1,365788.582578909,6663382.84874025
17,Värmlands län,1737,Torsby,1,184.1,365853.7558943,6669014.81129806
17,Värmlands län,1737,Torsby,1,184.1,361476.817588713,6668863.41230311
17,Värmlands län,1737,Torsby,1,184.1,363640.610146762,6674681.90397709
17,Värmlands län,1737,Torsby,1,184.1,361891.625744359,6690366.58129574
17,Värmlands län,1737,Torsby,1,184.1,368351.77776043,6699969.86740576
17,Värmlands län,1737,Torsby,1,184.1,368431.729081802,6712043.83804465
17,Värmlands län,1737,Torsby,1,184.1,363571.746776219,6721205.62661116
17,Värmlands län,1737,Torsby,1,184.1,363946.275686197,6726604.51749412
17,Värmlands län,1737,Torsby,1,184.1,357841.889046027,6737304.12050863
17,Värmlands län,1737,Torsby,1,184.1,355248.21490243,6748849.34381353
17,Värmlands län,1737,Torsby,1,184.1,355777.648083887,6753829.33195515
17,Värmlands län,1737,Torsby,1,184.1,350453.903206662,6768073.4725286
17,Värmlands län,1737,Torsby,1,184.1,364281.450486285,6771274.31199526
17,Värmlands län,1737,Torsby,1,184.1,371227.34495531,6770355.39885594
17,Värmlands län,1737,Torsby,1,184.1,374569.773149447,6771486.0538628
17,Värmlands län,1737,Torsby,1,184.1,375780.571469389,6765856.71316782
17,Värmlands län,1737,Torsby,1,184.1,400601.174338564,6738118.30650924
17,Värmlands län,1737,Torsby,1,184.1,402003.876869722,6730521.03893766
17,Värmlands län,1737,Torsby,1,184.1,405011.835559626,6730412.03151701
17,Värmlands län,1737,Torsby,1,184.1,407297.302928266,6723529.23939611
17,Värmlands län,1737,Torsby,1,184.1,414228.266571553,6711131.86449196
17,Värmlands län,1737,Torsby,1,184.1,417296.917840976,6702154.48053972
17,Värmlands län,1737,Torsby,1,184.1,421141.331921281,6699205.8719649
17,Värmlands län,1737,Torsby,1,184.1,417903.667664174,6694641.25043356
17,Värmlands län,1737,Torsby,1,184.1,415704.510087174,6681576.17736313
17,Värmlands län,1737,Torsby,1,184.1,410010.808333164,6679144.6522821
17,Värmlands län,1737,Torsby,1,184.1,405098.37770916,6674618.66921538
17,Värmlands län,1737,Torsby,1,184.1,400775.358267869,6677483.50340868
17,Värmlands län,1737,Torsby,1,184.1,397939.784543064,6673547.68495913
17,Värmlands län,1737,Torsby,1,184.1,402235.963911006,6666657.37500452
17,Värmlands län,1737,Torsby,1,184.1,393244.683961849,6659735.83627727
17,Värmlands län,1737,Torsby,1,184.1,391927.709317233,6662488.46054445
17,Värmlands län,1737,Torsby,1,184.1,384408.714467573,6658031.80984656
17,Värmlands län,1737,Torsby,1,184.1,378205.384426079,6665923.23357425
17,Värmlands län,1737,Torsby,1,184.1,365788.582578909,6663382.84874025
17,Värmlands län,1760,Storfors,1,185.1,444915.846914428,6595041.52765385
17,Värmlands län,1760,Storfors,1,185.1,445234.347834931,6603064.02535934
17,Värmlands län,1760,Storfors,1,185.1,447024.855397241,6607243.01655185
17,Värmlands län,1760,Storfors,1,185.1,453964.148850343,6608135.92739925
17,Värmlands län,1760,Storfors,1,185.1,460042.110352663,6608512.60234492
17,Värmlands län,1760,Storfors,1,185.1,464295.433745967,6606863.91225744
17,Värmlands län,1760,Storfors,1,185.1,465370.054856558,6603730.20511533
17,Värmlands län,1760,Storfors,1,185.1,469509.201780041,6606054.5495886
17,Värmlands län,1760,Storfors,1,185.1,469645.175602789,6599461.77859294
17,Värmlands län,1760,Storfors,1,185.1,467042.155536328,6600536.77010654
17,Värmlands län,1760,Storfors,1,185.1,465926.850019048,6597631.38688582
17,Värmlands län,1760,Storfors,1,185.1,469540.917267117,6590006.2216572
17,Värmlands län,1760,Storfors,1,185.1,464522.831658675,6584484.57789282
17,Värmlands län,1760,Storfors,1,185.1,461222.324866598,6576215.89884122
17,Värmlands län,1760,Storfors,1,185.1,455449.68086455,6580590.20674868
17,Värmlands län,1760,Storfors,1,185.1,457488.781058938,6590248.99343871
17,Värmlands län,1760,Storfors,1,185.1,451807.181698086,6589830.27277101
17,Värmlands län,1760,Storfors,1,185.1,444915.846914428,6595041.52765385
17,Värmlands län,1761,Hammarö,1,186.1,419054.373171064,6575299.63849708
17,Värmlands län,1761,Hammarö,1,186.1,414782.040235798,6571109.798193
17,Värmlands län,1761,Hammarö,1,186.1,411122.88162805,6578939.91320452
17,Värmlands län,1761,Hammarö,1,186.1,415596.651852642,6582504.49736259
17,Värmlands län,1761,Hammarö,1,186.1,420682.635637358,6580501.02251789
17,Värmlands län,1761,Hammarö,1,186.1,419054.373171064,6575299.63849708
17,Värmlands län,1762,Munkfors,1,187.1,408165.68252335,6629794.67297244
17,Värmlands län,1762,Munkfors,1,187.1,407608.672271345,6635894.09370502
17,Värmlands län,1762,Munkfors,1,187.1,409192.97861546,6639421.77544363
17,Värmlands län,1762,Munkfors,1,187.1,415726.434329591,6640289.97572657
17,Värmlands län,1762,Munkfors,1,187.1,418921.110275146,6638146.85712396
17,Värmlands län,1762,Munkfors,1,187.1,422987.620795342,6638531.21839531
17,Värmlands län,1762,Munkfors,1,187.1,422470.772832159,6631803.89622678
17,Värmlands län,1762,Munkfors,1,187.1,412916.51518981,6625274.54885421
17,Värmlands län,1762,Munkfors,1,187.1,409123.929204155,6626204.98244204
17,Värmlands län,1762,Munkfors,1,187.1,408165.68252335,6629794.67297244
17,Värmlands län,1763,Forshaga,1,188.1,417526.358181131,6596805.44077341
17,Värmlands län,1763,Forshaga,1,188.1,414894.134208376,6596674.55007701
17,Värmlands län,1763,Forshaga,1,188.1,408360.23534517,6596747.23134573
17,Värmlands län,1763,Forshaga,1,188.1,411564.67984224,6605074.313929
17,Värmlands län,1763,Forshaga,1,188.1,408193.509165796,6607438.2910793
17,Värmlands län,1763,Forshaga,1,188.1,407103.045789231,6616076.0626456
17,Värmlands län,1763,Forshaga,1,188.1,409123.929204155,6626204.98244204
17,Värmlands län,1763,Forshaga,1,188.1,412916.51518981,6625274.54885421
17,Värmlands län,1763,Forshaga,1,188.1,422470.772832159,6631803.89622678
17,Värmlands län,1763,Forshaga,1,188.1,422806.270949223,6629286.09905556
17,Värmlands län,1763,Forshaga,1,188.1,426107.133368603,6627534.03844433
17,Värmlands län,1763,Forshaga,1,188.1,420229.394384468,6616462.45966211
17,Värmlands län,1763,Forshaga,1,188.1,422192.935419226,6612232.20418172
17,Värmlands län,1763,Forshaga,1,188.1,422537.081466297,6604139.97667477
17,Värmlands län,1763,Forshaga,1,188.1,420218.865148817,6603172.25919061
17,Värmlands län,1763,Forshaga,1,188.1,417752.674106624,6600808.37855032
17,Värmlands län,1763,Forshaga,1,188.1,417526.358181131,6596805.44077341
17,Värmlands län,1764,Grums,1,189.1,376821.657625361,6596389.65630352
17,Värmlands län,1764,Grums,1,189.1,379641.458964301,6603951.14957468
17,Värmlands län,1764,Grums,1,189.1,383672.842786226,6604004.08438058
17,Värmlands län,1764,Grums,1,189.1,390378.188411494,6600826.04497218
17,Värmlands län,1764,Grums,1,189.1,395448.712201781,6595063.34238714
17,Värmlands län,1764,Grums,1,189.1,394751.527297368,6580838.6606071005
17,Värmlands län,1764,Grums,1,189.1,394808.600249579,6572575.29531372
17,Värmlands län,1764,Grums,1,189.1,391659.601866933,6569478.65137643
17,Värmlands län,1764,Grums,1,189.1,385558.536359741,6568902.0721429
17,Värmlands län,1764,Grums,1,189.1,381705.950917791,6570510.6455868
17,Värmlands län,1764,Grums,1,189.1,380140.007126836,6574698.61904767
17,Värmlands län,1764,Grums,1,189.1,381836.414378822,6586808.21240612
17,Värmlands län,1764,Grums,1,189.1,378352.098486297,6591263.76398389
17,Värmlands län,1764,Grums,1,189.1,376821.657625361,6596389.65630352
01,Stockholms län,0183,Sundbyberg,1,19.1,668194.585447576,6584770.43889498
01,Stockholms län,0183,Sundbyberg,1,19.1,666568.196134353,6585072.67664422
01,Stockholms län,0183,Sundbyberg,1,19.1,666615.788319643,6586344.0346046
01,Stockholms län,0183,Sundbyberg,1,19.1,667879.056874636,6586716.2821121
01,Stockholms län,0183,Sundbyberg,1,19.1,668515.992027853,6587537.86251297
01,Stockholms län,0183,Sundbyberg,1,19.1,669016.451034057,6587657.90802674
01,Stockholms län,0183,Sundbyberg,1,19.1,669906.99796789,6585703.03138462
01,Stockholms län,0183,Sundbyberg,1,19.1,668936.923946708,6583659.61562377
01,Stockholms län,0183,Sundbyberg,1,19.1,668194.585447576,6584770.43889498
17,Värmlands län,1765,Årjäng,1,190.1,332562.333048143,6573990.66485868
17,Värmlands län,1765,Årjäng,1,190.1,333480.965022657,6565639.36115721
17,Värmlands län,1765,Årjäng,1,190.1,326041.824205748,6573256.0811061
17,Värmlands län,1765,Årjäng,1,190.1,318606.032812454,6570610.49045
17,Värmlands län,1765,Årjäng,1,190.1,318993.960530316,6582645.42271029
17,Värmlands län,1765,Årjäng,1,190.1,317095.464636927,6587474.67587983
17,Värmlands län,1765,Årjäng,1,190.1,315720.201791176,6599094.42902682
17,Värmlands län,1765,Årjäng,1,190.1,313483.531893999,6610199.98272738
17,Värmlands län,1765,Årjäng,1,190.1,316488.60631387,6615728.40707313
17,Värmlands län,1765,Årjäng,1,190.1,322872.606374625,6617080.3008845
17,Värmlands län,1765,Årjäng,1,190.1,324690.890062555,6620919.29364702
17,Värmlands län,1765,Årjäng,1,190.1,328057.822105013,6624799.14218443
17,Värmlands län,1765,Årjäng,1,190.1,331745.706653312,6615355.16967589
17,Värmlands län,1765,Årjäng,1,190.1,338196.047624884,6611667.59147973
17,Värmlands län,1765,Årjäng,1,190.1,341152.606528882,6612971.83356487
17,Värmlands län,1765,Årjäng,1,190.1,347277.963145262,6609384.20223407
17,Värmlands län,1765,Årjäng,1,190.1,348039.421821668,6600176.3142243
17,Värmlands län,1765,Årjäng,1,190.1,345964.136924651,6593947.41669482
17,Värmlands län,1765,Årjäng,1,190.1,354012.240895862,6593919.10019229
17,Värmlands län,1765,Årjäng,1,190.1,358084.730744495,6589335.8845927
17,Värmlands län,1765,Årjäng,1,190.1,354927.787554517,6576103.48957989
17,Värmlands län,1765,Årjäng,1,190.1,357376.889083553,6566988.90195723
17,Värmlands län,1765,Årjäng,1,190.1,354952.478666272,6558945.75263499
17,Värmlands län,1765,Årjäng,1,190.1,352720.163296694,6564853.64515455
17,Värmlands län,1765,Årjäng,1,190.1,348391.082255128,6563892.76200221
17,Värmlands län,1765,Årjäng,1,190.1,343960.82587893,6565761.15122939
17,Värmlands län,1765,Årjäng,1,190.1,342202.453552659,6573797.55449569
17,Värmlands län,1765,Årjäng,1,190.1,332562.333048143,6573990.66485868
17,Värmlands län,1766,Sunne,1,191.1,408165.68252335,6629794.67297244
17,Värmlands län,1766,Sunne,1,191.1,409123.929204155,6626204.98244204
17,Värmlands län,1766,Sunne,1,191.1,407103.045789231,6616076.0626456
17,Värmlands län,1766,Sunne,1,191.1,396665.410943799,6614472.92235664
17,Värmlands län,1766,Sunne,1,191.1,391856.563273897,6615306.07529584
17,Värmlands län,1766,Sunne,1,191.1,390365.600004806,6619555.90768823
17,Värmlands län,1766,Sunne,1,191.1,382256.312546042,6628449.942434
17,Värmlands län,1766,Sunne,1,191.1,381466.126834221,6632357.41065599
17,Värmlands län,1766,Sunne,1,191.1,377241.098595692,6638031.16784059
17,Värmlands län,1766,Sunne,1,191.1,371501.705254172,6640840.8484291
17,Värmlands län,1766,Sunne,1,191.1,370925.072499043,6646740.87084051
17,Värmlands län,1766,Sunne,1,191.1,374136.423633414,6650435.19895721
17,Värmlands län,1766,Sunne,1,191.1,372351.36238903,6654447.42711552
17,Värmlands län,1766,Sunne,1,191.1,367103.624978889,6656198.52130164
17,Värmlands län,1766,Sunne,1,191.1,365788.582578909,6663382.84874025
17,Värmlands län,1766,Sunne,1,191.1,378205.384426079,6665923.23357425
17,Värmlands län,1766,Sunne,1,191.1,384408.714467573,6658031.80984656
17,Värmlands län,1766,Sunne,1,191.1,391927.709317233,6662488.46054445
17,Värmlands län,1766,Sunne,1,191.1,393244.683961849,6659735.83627727
17,Värmlands län,1766,Sunne,1,191.1,402235.963911006,6666657.37500452
17,Värmlands län,1766,Sunne,1,191.1,404465.363541736,6657365.89065456
17,Värmlands län,1766,Sunne,1,191.1,406586.126267704,6652714.90542488
17,Värmlands län,1766,Sunne,1,191.1,409192.97861546,6639421.77544363
17,Värmlands län,1766,Sunne,1,191.1,407608.672271345,6635894.09370502
17,Värmlands län,1766,Sunne,1,191.1,408165.68252335,6629794.67297244
17,Värmlands län,1780,Karlstad,1,192.1,417526.358181131,6596805.44077341
17,Värmlands län,1780,Karlstad,1,192.1,417752.674106624,6600808.37855032
17,Värmlands län,1780,Karlstad,1,192.1,420218.865148817,6603172.25919061
17,Värmlands län,1780,Karlstad,1,192.1,422537.081466297,6604139.97667477
17,Värmlands län,1780,Karlstad,1,192.1,422192.935419226,6612232.20418172
17,Värmlands län,1780,Karlstad,1,192.1,420229.394384468,6616462.45966211
17,Värmlands län,1780,Karlstad,1,192.1,426107.133368603,6627534.03844433
17,Värmlands län,1780,Karlstad,1,192.1,430859.798160872,6628048.65687412
17,Värmlands län,1780,Karlstad,1,192.1,440682.10218034,6606289.39200386
17,Värmlands län,1780,Karlstad,1,192.1,445234.347834931,6603064.02535934
17,Värmlands län,1780,Karlstad,1,192.1,444915.846914428,6595041.52765385
17,Värmlands län,1780,Karlstad,1,192.1,443914.222046755,6589438.72620997
17,Värmlands län,1780,Karlstad,1,192.1,440779.696262992,6588354.18003626
17,Värmlands län,1780,Karlstad,1,192.1,437253.827206425,6585497.65510026
17,Värmlands län,1780,Karlstad,1,192.1,436679.027306702,6578238.81481498
17,Värmlands län,1780,Karlstad,1,192.1,432604.698117719,6581548.02290575
17,Värmlands län,1780,Karlstad,1,192.1,428615.788003134,6578135.18844783
17,Värmlands län,1780,Karlstad,1,192.1,425699.729552008,6582867.77209196
17,Värmlands län,1780,Karlstad,1,192.1,420682.635637358,6580501.02251789
17,Värmlands län,1780,Karlstad,1,192.1,415596.651852642,6582504.49736259
17,Värmlands län,1780,Karlstad,1,192.1,411122.88162805,6578939.91320452
17,Värmlands län,1780,Karlstad,1,192.1,407987.462570549,6582890.10441734
17,Värmlands län,1780,Karlstad,1,192.1,402463.177755724,6582052.53716707
17,Värmlands län,1780,Karlstad,1,192.1,400792.579854745,6579608.44208516
17,Värmlands län,1780,Karlstad,1,192.1,402244.757898059,6576235.61682767
17,Värmlands län,1780,Karlstad,1,192.1,398774.78549652,6575789.8025813
17,Värmlands län,1780,Karlstad,1,192.1,396620.275882408,6578227.54010607
17,Värmlands län,1780,Karlstad,1,192.1,394751.527297368,6580838.6606071005
17,Värmlands län,1780,Karlstad,1,192.1,395448.712201781,6595063.34238714
17,Värmlands län,1780,Karlstad,1,192.1,399189.199694695,6598503.11025134
17,Värmlands län,1780,Karlstad,1,192.1,408360.23534517,6596747.23134573
17,Värmlands län,1780,Karlstad,1,192.1,414894.134208376,6596674.55007701
17,Värmlands län,1780,Karlstad,1,192.1,417526.358181131,6596805.44077341
17,Värmlands län,1781,Kristinehamn,1,193.1,439632.807222785,6545575.53453312
17,Värmlands län,1781,Kristinehamn,1,193.1,439672.855626076,6551613.44293115
17,Värmlands län,1781,Kristinehamn,1,193.1,443006.417788606,6558316.88231804
17,Värmlands län,1781,Kristinehamn,1,193.1,446843.179742685,6565975.06264377
17,Värmlands län,1781,Kristinehamn,1,193.1,444921.695288731,6576243.48607204
17,Värmlands län,1781,Kristinehamn,1,193.1,440058.393104572,6575942.7266226
17,Värmlands län,1781,Kristinehamn,1,193.1,436679.027306702,6578238.81481498
17,Värmlands län,1781,Kristinehamn,1,193.1,437253.827206425,6585497.65510026
17,Värmlands län,1781,Kristinehamn,1,193.1,440779.696262992,6588354.18003626
17,Värmlands län,1781,Kristinehamn,1,193.1,443914.222046755,6589438.72620997
17,Värmlands län,1781,Kristinehamn,1,193.1,444915.846914428,6595041.52765385
17,Värmlands län,1781,Kristinehamn,1,193.1,451807.181698086,6589830.27277101
17,Värmlands län,1781,Kristinehamn,1,193.1,457488.781058938,6590248.99343871
17,Värmlands län,1781,Kristinehamn,1,193.1,455449.68086455,6580590.20674868
17,Värmlands län,1781,Kristinehamn,1,193.1,461222.324866598,6576215.89884122
17,Värmlands län,1781,Kristinehamn,1,193.1,461238.244034647,6575065.55573093
17,Värmlands län,1781,Kristinehamn,1,193.1,459138.473176545,6566110.76052964
17,Värmlands län,1781,Kristinehamn,1,193.1,459957.939597652,6560587.90267419
17,Värmlands län,1781,Kristinehamn,1,193.1,458862.104571194,6557881.74845071
17,Värmlands län,1781,Kristinehamn,1,193.1,461566.278299995,6551157.1480282
17,Värmlands län,1781,Kristinehamn,1,193.1,457934.40162987,6540254.70810255
17,Värmlands län,1781,Kristinehamn,1,193.1,454670.146186093,6545025.35283065
17,Värmlands län,1781,Kristinehamn,1,193.1,449314.227406336,6544953.71059533
17,Värmlands län,1781,Kristinehamn,1,193.1,451156.698721429,6549818.93512144
17,Värmlands län,1781,Kristinehamn,1,193.1,448204.460318079,6552341.21618454
17,Värmlands län,1781,Kristinehamn,1,193.1,444038.798511841,6549147.23183062
17,Värmlands län,1781,Kristinehamn,1,193.1,441558.687162467,6544772.14244518
17,Värmlands län,1781,Kristinehamn,1,193.1,439632.807222785,6545575.53453312
17,Värmlands län,1782,Filipstad,1,194.1,438509.382021444,6638737.19581298
17,Värmlands län,1782,Filipstad,1,194.1,439537.537384354,6646485.43951981
17,Värmlands län,1782,Filipstad,1,194.1,443334.183042762,6648106.03173017
17,Värmlands län,1782,Filipstad,1,194.1,445525.798932936,6662982.55557933
17,Värmlands län,1782,Filipstad,1,194.1,442756.218324416,6672868.60564533
17,Värmlands län,1782,Filipstad,1,194.1,441874.030678712,6681587.16757024
17,Värmlands län,1782,Filipstad,1,194.1,445711.120606675,6681694.04569907
17,Värmlands län,1782,Filipstad,1,194.1,446765.417752086,6678362.30984734
17,Värmlands län,1782,Filipstad,1,194.1,452260.162418308,6678934.24500669
17,Värmlands län,1782,Filipstad,1,194.1,454866.634331782,6671280.21075005
17,Värmlands län,1782,Filipstad,1,194.1,456363.201059384,6662666.97280614
17,Värmlands län,1782,Filipstad,1,194.1,468699.075600216,6654407.76940713
17,Värmlands län,1782,Filipstad,1,194.1,470019.441247221,6649168.91401753
17,Värmlands län,1782,Filipstad,1,194.1,463307.892118963,6646641.09933384
17,Värmlands län,1782,Filipstad,1,194.1,465094.056955134,6642630.44917387
17,Värmlands län,1782,Filipstad,1,194.1,468174.997801696,6641304.50893661
17,Värmlands län,1782,Filipstad,1,194.1,467259.666990415,6632738.72332425
17,Värmlands län,1782,Filipstad,1,194.1,468413.192013099,6626577.1819739
17,Värmlands län,1782,Filipstad,1,194.1,465391.533721597,6624674.17428956
17,Värmlands län,1782,Filipstad,1,194.1,468401.258928553,6618925.04419731
17,Värmlands län,1782,Filipstad,1,194.1,467378.347326889,6615002.14819509
17,Värmlands län,1782,Filipstad,1,194.1,469509.201780041,6606054.5495886
17,Värmlands län,1782,Filipstad,1,194.1,465370.054856558,6603730.20511533
17,Värmlands län,1782,Filipstad,1,194.1,464295.433745967,6606863.91225744
17,Värmlands län,1782,Filipstad,1,194.1,460042.110352663,6608512.60234492
17,Värmlands län,1782,Filipstad,1,194.1,453964.148850343,6608135.92739925
17,Värmlands län,1782,Filipstad,1,194.1,447024.855397241,6607243.01655185
17,Värmlands län,1782,Filipstad,1,194.1,445234.347834931,6603064.02535934
17,Värmlands län,1782,Filipstad,1,194.1,440682.10218034,6606289.39200386
17,Värmlands län,1782,Filipstad,1,194.1,430859.798160872,6628048.65687412
17,Värmlands län,1782,Filipstad,1,194.1,438433.858845972,6630487.7769718
17,Värmlands län,1782,Filipstad,1,194.1,436414.573218026,6632307.4295344
17,Värmlands län,1782,Filipstad,1,194.1,436213.747264211,6637966.55974283
17,Värmlands län,1782,Filipstad,1,194.1,438509.382021444,6638737.19581298
17,Värmlands län,1783,Hagfors,1,195.1,438509.382021444,6638737.19581298
17,Värmlands län,1783,Hagfors,1,195.1,436213.747264211,6637966.55974283
17,Värmlands län,1783,Hagfors,1,195.1,436414.573218026,6632307.4295344
17,Värmlands län,1783,Hagfors,1,195.1,438433.858845972,6630487.7769718
17,Värmlands län,1783,Hagfors,1,195.1,430859.798160872,6628048.65687412
17,Värmlands län,1783,Hagfors,1,195.1,426107.133368603,6627534.03844433
17,Värmlands län,1783,Hagfors,1,195.1,422806.270949223,6629286.09905556
17,Värmlands län,1783,Hagfors,1,195.1,422470.772832159,6631803.89622678
17,Värmlands län,1783,Hagfors,1,195.1,422987.620795342,6638531.21839531
17,Värmlands län,1783,Hagfors,1,195.1,418921.110275146,6638146.85712396
17,Värmlands län,1783,Hagfors,1,195.1,415726.434329591,6640289.97572657
17,Värmlands län,1783,Hagfors,1,195.1,409192.97861546,6639421.77544363
17,Värmlands län,1783,Hagfors,1,195.1,406586.126267704,6652714.90542488
17,Värmlands län,1783,Hagfors,1,195.1,404465.363541736,6657365.89065456
17,Värmlands län,1783,Hagfors,1,195.1,402235.963911006,6666657.37500452
17,Värmlands län,1783,Hagfors,1,195.1,397939.784543064,6673547.68495913
17,Värmlands län,1783,Hagfors,1,195.1,400775.358267869,6677483.50340868
17,Värmlands län,1783,Hagfors,1,195.1,405098.37770916,6674618.66921538
17,Värmlands län,1783,Hagfors,1,195.1,410010.808333164,6679144.6522821
17,Värmlands län,1783,Hagfors,1,195.1,415704.510087174,6681576.17736313
17,Värmlands län,1783,Hagfors,1,195.1,417903.667664174,6694641.25043356
17,Värmlands län,1783,Hagfors,1,195.1,421141.331921281,6699205.8719649
17,Värmlands län,1783,Hagfors,1,195.1,427992.382477452,6698631.03273666
17,Värmlands län,1783,Hagfors,1,195.1,436269.00334026,6681864.51352146
17,Värmlands län,1783,Hagfors,1,195.1,442756.218324416,6672868.60564533
17,Värmlands län,1783,Hagfors,1,195.1,445525.798932936,6662982.55557933
17,Värmlands län,1783,Hagfors,1,195.1,443334.183042762,6648106.03173017
17,Värmlands län,1783,Hagfors,1,195.1,439537.537384354,6646485.43951981
17,Värmlands län,1783,Hagfors,1,195.1,438509.382021444,6638737.19581298
17,Värmlands län,1784,Arvika,1,196.1,365788.582578909,6663382.84874025
17,Värmlands län,1784,Arvika,1,196.1,367103.624978889,6656198.52130164
17,Värmlands län,1784,Arvika,1,196.1,372351.36238903,6654447.42711552
17,Värmlands län,1784,Arvika,1,196.1,374136.423633414,6650435.19895721
17,Värmlands län,1784,Arvika,1,196.1,370925.072499043,6646740.87084051
17,Värmlands län,1784,Arvika,1,196.1,371501.705254172,6640840.8484291
17,Värmlands län,1784,Arvika,1,196.1,377241.098595692,6638031.16784059
17,Värmlands län,1784,Arvika,1,196.1,381466.126834221,6632357.41065599
17,Värmlands län,1784,Arvika,1,196.1,382256.312546042,6628449.942434
17,Värmlands län,1784,Arvika,1,196.1,390365.600004806,6619555.90768823
17,Värmlands län,1784,Arvika,1,196.1,391856.563273897,6615306.07529584
17,Värmlands län,1784,Arvika,1,196.1,388723.744567208,6615496.8975931
17,Värmlands län,1784,Arvika,1,196.1,390162.514914433,6610110.97133762
17,Värmlands län,1784,Arvika,1,196.1,386515.024864399,6609884.75373065
17,Värmlands län,1784,Arvika,1,196.1,383672.842786226,6604004.08438058
17,Värmlands län,1784,Arvika,1,196.1,379641.458964301,6603951.14957468
17,Värmlands län,1784,Arvika,1,196.1,376821.657625361,6596389.65630352
17,Värmlands län,1784,Arvika,1,196.1,378352.098486297,6591263.76398389
17,Värmlands län,1784,Arvika,1,196.1,373474.058433941,6587674.3814216
17,Värmlands län,1784,Arvika,1,196.1,366421.525066347,6587598.89239728
17,Värmlands län,1784,Arvika,1,196.1,362490.688065201,6586596.73275549
17,Värmlands län,1784,Arvika,1,196.1,358084.730744495,6589335.8845927
17,Värmlands län,1784,Arvika,1,196.1,354012.240895862,6593919.10019229
17,Värmlands län,1784,Arvika,1,196.1,345964.136924651,6593947.41669482
17,Värmlands län,1784,Arvika,1,196.1,348039.421821668,6600176.3142243
17,Värmlands län,1784,Arvika,1,196.1,347277.963145262,6609384.20223407
17,Värmlands län,1784,Arvika,1,196.1,347265.882367972,6615560.79431222
17,Värmlands län,1784,Arvika,1,196.1,352224.205134752,6629949.57953467
17,Värmlands län,1784,Arvika,1,196.1,358905.328099051,6634089.79699162
17,Värmlands län,1784,Arvika,1,196.1,357831.723353829,6637222.10868578
17,Värmlands län,1784,Arvika,1,196.1,357338.358724717,6643919.65521791
17,Värmlands län,1784,Arvika,1,196.1,356534.677973269,6645813.88480672
17,Värmlands län,1784,Arvika,1,196.1,358674.087487173,6647002.3605552
17,Värmlands län,1784,Arvika,1,196.1,359688.617491775,6652736.79938692
17,Värmlands län,1784,Arvika,1,196.1,357821.232459784,6658501.05475736
17,Värmlands län,1784,Arvika,1,196.1,361476.817588713,6668863.41230311
17,Värmlands län,1784,Arvika,1,196.1,365853.7558943,6669014.81129806
17,Värmlands län,1784,Arvika,1,196.1,365788.582578909,6663382.84874025
17,Värmlands län,1785,Säffle,1,197.1,361197.347742318,6557531.02134556
17,Värmlands län,1785,Säffle,1,197.1,354952.478666272,6558945.75263499
17,Värmlands län,1785,Säffle,1,197.1,357376.889083553,6566988.90195723
17,Värmlands län,1785,Säffle,1,197.1,354927.787554517,6576103.48957989
17,Värmlands län,1785,Säffle,1,197.1,358084.730744495,6589335.8845927
17,Värmlands län,1785,Säffle,1,197.1,362490.688065201,6586596.73275549
17,Värmlands län,1785,Säffle,1,197.1,366421.525066347,6587598.89239728
17,Värmlands län,1785,Säffle,1,197.1,373474.058433941,6587674.3814216
17,Värmlands län,1785,Säffle,1,197.1,378352.098486297,6591263.76398389
17,Värmlands län,1785,Säffle,1,197.1,381836.414378822,6586808.21240612
17,Värmlands län,1785,Säffle,1,197.1,380140.007126836,6574698.61904767
17,Värmlands län,1785,Säffle,1,197.1,381705.950917791,6570510.6455868
17,Värmlands län,1785,Säffle,1,197.1,385558.536359741,6568902.0721429
17,Värmlands län,1785,Säffle,1,197.1,391659.601866933,6569478.65137643
17,Värmlands län,1785,Säffle,1,197.1,395167.231400648,6560858.22408239
17,Värmlands län,1785,Säffle,1,197.1,398178.479394209,6549469.050422
17,Värmlands län,1785,Säffle,1,197.1,399774.93201361,6532388.42013777
17,Värmlands län,1785,Säffle,1,197.1,397109.449734115,6530046.38549044
17,Värmlands län,1785,Säffle,1,197.1,391036.766347412,6533495.47798287
17,Värmlands län,1785,Säffle,1,197.1,389597.411894104,6544517.76178423
17,Värmlands län,1785,Säffle,1,197.1,386589.527825409,6544629.38240906
17,Värmlands län,1785,Säffle,1,197.1,385045.26571916,6549017.57964806
17,Värmlands län,1785,Säffle,1,197.1,379920.392375108,6548140.09122061
17,Värmlands län,1785,Säffle,1,197.1,379591.610469073,6552603.90881344
17,Värmlands län,1785,Säffle,1,197.1,372298.413882424,6550026.04896624
17,Värmlands län,1785,Säffle,1,197.1,372245.447361672,6559206.79049058
17,Värmlands län,1785,Säffle,1,197.1,369137.464952066,6562145.70416413
17,Värmlands län,1785,Säffle,1,197.1,365126.972008718,6564173.15354287
17,Värmlands län,1785,Säffle,1,197.1,361197.347742318,6557531.02134556
18,Örebro län,1814,Lekeberg,1,198.1,475676.404791939,6552076.36226281
18,Örebro län,1814,Lekeberg,1,198.1,476601.603810591,6554571.37091768
18,Örebro län,1814,Lekeberg,1,198.1,474645.05930623,6558368.96139631
18,Örebro län,1814,Lekeberg,1,198.1,475030.896870453,6562248.51555101
18,Örebro län,1814,Lekeberg,1,198.1,473266.648395089,6566459.54395262
18,Örebro län,1814,Lekeberg,1,198.1,477541.368833572,6568164.60681515
18,Örebro län,1814,Lekeberg,1,198.1,485975.661486335,6569396.6958767
18,Örebro län,1814,Lekeberg,1,198.1,488184.844576799,6576301.86021194
18,Örebro län,1814,Lekeberg,1,198.1,492219.797517172,6574440.00875637
18,Örebro län,1814,Lekeberg,1,198.1,493582.538000974,6572354.76975212
18,Örebro län,1814,Lekeberg,1,198.1,495921.19244648103,6568561.64796566
18,Örebro län,1814,Lekeberg,1,198.1,497313.962938123,6563992.86068726
18,Örebro län,1814,Lekeberg,1,198.1,495990.495177149,6562830.4779774
18,Örebro län,1814,Lekeberg,1,198.1,496968.806240112,6560931.59348316
18,Örebro län,1814,Lekeberg,1,198.1,501182.106980534,6563336.67885668
18,Örebro län,1814,Lekeberg,1,198.1,503421.088265138,6560543.1469395
18,Örebro län,1814,Lekeberg,1,198.1,502709.597444711,6555764.94690008
18,Örebro län,1814,Lekeberg,1,198.1,499451.936307515,6555287.34143129
18,Örebro län,1814,Lekeberg,1,198.1,496264.94372894,6550581.53750528
18,Örebro län,1814,Lekeberg,1,198.1,491688.163552524,6550453.3028435605
18,Örebro län,1814,Lekeberg,1,198.1,486049.619005596,6544793.31572619
18,Örebro län,1814,Lekeberg,1,198.1,482766.392954647,6543589.13286573
18,Örebro län,1814,Lekeberg,1,198.1,484945.577078297,6555179.07872994
18,Örebro län,1814,Lekeberg,1,198.1,475676.404791939,6552076.36226281
18,Örebro län,1860,Laxå,1,199.1,480900.689030244,6517331.62108507
18,Örebro län,1860,Laxå,1,199.1,481718.880359202,6511807.58518772
18,Örebro län,1860,Laxå,1,199.1,478291.761161162,6511760.35452267
18,Örebro län,1860,Laxå,1,199.1,476607.053591795,6507302.80318615
18,Örebro län,1860,Laxå,1,199.1,473693.098812415,6506396.09525608
18,Örebro län,1860,Laxå,1,199.1,473215.32014739,6509468.14983419
18,Örebro län,1860,Laxå,1,199.1,469190.726460363,6509482.70957124
18,Örebro län,1860,Laxå,1,199.1,468648.300278941,6517593.97459547
18,Örebro län,1860,Laxå,1,199.1,465460.561220645,6517843.4798108
18,Örebro län,1860,Laxå,1,199.1,461126.87339861,6521780.69683393
18,Örebro län,1860,Laxå,1,199.1,463683.86998982,6525761.9135501
18,Örebro län,1860,Laxå,1,199.1,460134.149656452,6528346.07826736
18,Örebro län,1860,Laxå,1,199.1,457934.40162987,6540254.70810255
18,Örebro län,1860,Laxå,1,199.1,468607.978994988,6543580.21635772
18,Örebro län,1860,Laxå,1,199.1,469089.560186384,6549975.50520861
18,Örebro län,1860,Laxå,1,199.1,475676.404791939,6552076.36226281
18,Örebro län,1860,Laxå,1,199.1,484945.577078297,6555179.07872994
18,Örebro län,1860,Laxå,1,199.1,482766.392954647,6543589.13286573
18,Örebro län,1860,Laxå,1,199.1,480553.287308866,6542341.88745698
18,Örebro län,1860,Laxå,1,199.1,480831.997499989,6539291.41317261
18,Örebro län,1860,Laxå,1,199.1,483103.339702327,6537948.33313615
18,Örebro län,1860,Laxå,1,199.1,486063.832766667,6534914.18937538
18,Örebro län,1860,Laxå,1,199.1,479369.193432631,6529372.56356071
18,Örebro län,1860,Laxå,1,199.1,478433.182290659,6520607.64964062
18,Örebro län,1860,Laxå,1,199.1,480900.689030244,6517331.62108507
01,Stockholms län,0117,Österåker,1,2.1,702175.850039482,6606667.34932376
01,Stockholms län,0117,Österåker,1,2.1,700421.86513407,6605285.22878948
01,Stockholms län,0117,Österåker,1,2.1,699969.903145912,6604463.85168639
01,Stockholms län,0117,Österåker,1,2.1,698931.83457358,6604316.27727333
01,Stockholms län,0117,Österåker,1,2.1,696722.420269177,6601738.80093035
01,Stockholms län,0117,Österåker,1,2.1,696200.561192515,6601403.51509193
01,Stockholms län,0117,Österåker,1,2.1,695521.994582342,6600057.47197053
01,Stockholms län,0117,Österåker,1,2.1,694589.076114588,6599237.26613506
01,Stockholms län,0117,Österåker,1,2.1,693473.854240384,6598938.77111446
01,Stockholms län,0117,Österåker,1,2.1,693137.337105967,6598490.75320826
01,Stockholms län,0117,Österåker,1,2.1,693204.481276374,6597818.66550159
01,Stockholms län,0117,Österåker,1,2.1,692113.777265828,6595911.7021922
01,Stockholms län,0117,Österåker,1,2.1,691333.594850147,6595688.27169788
01,Stockholms län,0117,Österåker,1,2.1,690631.402616112,6595877.72328688
01,Stockholms län,0117,Österåker,1,2.1,689703.332442133,6595729.48492783
01,Stockholms län,0117,Österåker,1,2.1,689340.215107972,6596402.97988043
01,Stockholms län,0117,Österåker,1,2.1,688598.308526835,6596403.98028778
01,Stockholms län,0117,Österåker,1,2.1,687930.021609955,6596105.92223751
01,Stockholms län,0117,Österåker,1,2.1,687487.441391553,6596406.50503462
01,Stockholms län,0117,Österåker,1,2.1,686937.714070029,6596967.75136072
01,Stockholms län,0117,Österåker,1,2.1,686121.7248023,6596894.86738633
01,Stockholms län,0117,Österåker,1,2.1,685707.393114362,6596184.94693466
01,Stockholms län,0117,Österåker,1,2.1,686408.395005084,6595846.5015648
01,Stockholms län,0117,Österåker,1,2.1,687147.5703608,6595658.48925201
01,Stockholms län,0117,Österåker,1,2.1,687474.693661993,6594984.55908139
01,Stockholms län,0117,Österåker,1,2.1,687133.165554892,6594125.55068318
01,Stockholms län,0117,Österåker,1,2.1,686609.5889034,6593602.27403629
01,Stockholms län,0117,Österåker,1,2.1,685385.282933457,6593230.48084976
01,Stockholms län,0117,Österåker,1,2.1,684424.963670599,6593680.76584797
01,Stockholms län,0117,Österåker,1,2.1,683460.903211876,6593533.09447516
01,Stockholms län,0117,Österåker,1,2.1,683103.195880056,6592935.84672786
01,Stockholms län,0117,Österåker,1,2.1,683450.508945341,6592411.14336936
01,Stockholms län,0117,Österåker,1,2.1,682626.837229411,6591157.34069914
01,Stockholms län,0117,Österåker,1,2.1,681702.259705169,6591629.05852214
01,Stockholms län,0117,Österåker,1,2.1,681657.353981018,6592694.35077485
01,Stockholms län,0117,Österåker,1,2.1,681607.952289735,6593387.6439898
01,Stockholms län,0117,Österåker,1,2.1,681277.371882798,6593686.59444397
01,Stockholms län,0117,Österåker,1,2.1,679936.081886679,6592903.44403467
01,Stockholms län,0117,Österåker,1,2.1,679269.172703449,6592904.35696951
01,Stockholms län,0117,Österåker,1,2.1,679015.848551443,6593429.20746934
01,Stockholms län,0117,Österåker,1,2.1,678766.28651592,6594551.00025882
01,Stockholms län,0117,Österåker,1,2.1,678120.154859547,6594240.21666469
01,Stockholms län,0117,Österåker,1,2.1,677587.919122826,6595338.58131189
01,Stockholms län,0117,Österåker,1,2.1,678266.303702272,6596534.62234475
01,Stockholms län,0117,Österåker,1,2.1,677955.981598679,6599202.43311376
01,Stockholms län,0117,Österåker,1,2.1,678926.567670679,6600048.07841896
01,Stockholms län,0117,Österåker,1,2.1,679892.701520384,6600271.76569424
01,Stockholms län,0117,Österåker,1,2.1,681225.439064193,6600193.95303098
01,Stockholms län,0117,Österåker,1,2.1,682001.143810927,6600043.38600553
01,Stockholms län,0117,Österåker,1,2.1,682862.772792104,6601051.69292344
01,Stockholms län,0117,Österåker,1,2.1,683974.815717133,6601199.16812295
01,Stockholms län,0117,Österåker,1,2.1,684650.929825772,6602170.21931585
01,Stockholms län,0117,Österåker,1,2.1,684954.349181964,6602955.79043422
01,Stockholms län,0117,Österåker,1,2.1,688187.852355811,6604109.86589362
01,Stockholms län,0117,Österåker,1,2.1,688230.132149597,6604745.28986917
01,Stockholms län,0117,Österåker,1,2.1,689648.875489795,6605902.34318841
01,Stockholms län,0117,Österåker,1,2.1,690128.633499256,6605752.18686185
01,Stockholms län,0117,Österåker,1,2.1,690981.615635199,6605825.53842601
01,Stockholms län,0117,Österåker,1,2.1,691245.328266391,6606422.65522528
01,Stockholms län,0117,Österåker,1,2.1,691216.336802668,6607246.18503892
01,Stockholms län,0117,Österåker,1,2.1,692810.318571869,6607393.52160039
01,Stockholms län,0117,Österåker,1,2.1,694089.181432973,6608212.93511983
01,Stockholms län,0117,Österåker,1,2.1,694743.006575315,6608137.87904466
01,Stockholms län,0117,Österåker,1,2.1,694810.436415024,6607277.82477624
01,Stockholms län,0117,Österåker,1,2.1,695585.617539244,6607089.25763108
01,Stockholms län,0117,Österåker,1,2.1,696442.707404794,6607648.59533044
01,Stockholms län,0117,Österåker,1,2.1,696974.476958775,6609143.84471654
01,Stockholms län,0117,Österåker,1,2.1,696979.01960056,6609592.83646968
01,Stockholms län,0117,Österåker,1,2.1,696761.149114514,6610079.12488639
01,Stockholms län,0117,Österåker,1,2.1,697141.471090528,6611200.58587785
01,Stockholms län,0117,Österåker,1,2.1,698843.001750888,6610973.29593977
01,Stockholms län,0117,Österåker,1,2.1,700477.905235261,6611457.09158456
01,Stockholms län,0117,Österåker,1,2.1,700993.310652781,6611006.40397386
01,Stockholms län,0117,Österåker,1,2.1,701735.674170947,6611379.3739683
01,Stockholms län,0117,Österåker,1,2.1,702366.602596004,6611379.03814702
01,Stockholms län,0117,Österåker,1,2.1,702878.078344579,6610593.35711951
01,Stockholms län,0117,Österåker,1,2.1,703659.001019747,6611002.79435608
01,Stockholms län,0117,Österåker,1,2.1,703953.240122096,6610815.38682516
01,Stockholms län,0117,Österåker,1,2.1,704355.46001109,6610216.35887216
01,Stockholms län,0117,Österåker,1,2.1,704836.32364586,6610140.20285597
01,Stockholms län,0117,Österåker,1,2.1,705882.309452697,6611035.79973152
01,Stockholms län,0117,Österåker,1,2.1,707079.056543477,6610056.45693567
01,Stockholms län,0117,Österåker,1,2.1,705044.388121888,6608568.93783351
01,Stockholms län,0117,Österåker,1,2.1,703853.688226302,6607897.55735529
01,Stockholms län,0117,Österåker,1,2.1,702175.850039482,6606667.34932376
01,Stockholms län,0117,Österåker,2,2.2,702821.535234172,6596305.53939191
01,Stockholms län,0117,Österåker,2,2.2,702557.363924247,6595745.41030608
01,Stockholms län,0117,Österåker,2,2.2,702544.704224302,6594398.43797193
01,Stockholms län,0117,Österåker,2,2.2,701942.474090268,6593352.27207279
01,Stockholms län,0117,Österåker,2,2.2,701051.843245475,6593166.48991331
01,Stockholms län,0117,Österåker,2,2.2,700947.686662772,6593840.13501188
01,Stockholms län,0117,Österåker,2,2.2,701032.797987354,6595148.99553522
01,Stockholms län,0117,Österåker,2,2.2,700596.315895173,6595935.59385238
01,Stockholms län,0117,Österåker,2,2.2,699824.234998896,6596610.14568464
01,Stockholms län,0117,Österåker,2,2.2,699608.642975665,6597320.42570346
01,Stockholms län,0117,Österåker,2,2.2,699656.570029885,6598479.860573
01,Stockholms län,0117,Österåker,2,2.2,699475.138342773,6598929.59723036
01,Stockholms län,0117,Österåker,2,2.2,698959.676078528,6599303.28437015
01,Stockholms län,0117,Österåker,2,2.2,699264.833160012,6600275.85916268
01,Stockholms län,0117,Österåker,2,2.2,699934.224582353,6600647.93412325
01,Stockholms län,0117,Österåker,2,2.2,700637.494740189,6600535.4839494
01,Stockholms län,0117,Österåker,2,2.2,700816.547756289,6599787.75237012
01,Stockholms län,0117,Österåker,2,2.2,701553.547821861,6599449.74125302
01,Stockholms län,0117,Österåker,2,2.2,702117.593770953,6600346.47410365
01,Stockholms län,0117,Österåker,2,2.2,702384.129343551,6601205.58917145
01,Stockholms län,0117,Österåker,2,2.2,701979.452899124,6601430.65756869
01,Stockholms län,0117,Österåker,2,2.2,701054.100461568,6601469.41537799
01,Stockholms län,0117,Österåker,2,2.2,701020.10942641,6601880.95335117
01,Stockholms län,0117,Österåker,2,2.2,701544.795048702,6602478.24339258
01,Stockholms län,0117,Österåker,2,2.2,701476.61624393,6603152.32425192
01,Stockholms län,0117,Österåker,2,2.2,701851.230577833,6603674.79710609
01,Stockholms län,0117,Österåker,2,2.2,702711.143820903,6604496.12802198
01,Stockholms län,0117,Österåker,2,2.2,702979.949815361,6605580.25214953
01,Stockholms län,0117,Österåker,2,2.2,705402.612231876,6607146.46898498
01,Stockholms län,0117,Österåker,2,2.2,705926.727720759,6607707.75960512
01,Stockholms län,0117,Österåker,2,2.2,706820.455863811,6608379.53495825
01,Stockholms län,0117,Österåker,2,2.2,707485.024307332,6608078.63780308
01,Stockholms län,0117,Österåker,2,2.2,706923.70617236,6607369.91024685
01,Stockholms län,0117,Österåker,2,2.2,706994.254064666,6606994.81225786
01,Stockholms län,0117,Österåker,2,2.2,707772.247882168,6607069.25624327
01,Stockholms län,0117,Österåker,2,2.2,707834.148550192,6605759.17020042
01,Stockholms län,0117,Österåker,2,2.2,708498.712951753,6605459.28066603
01,Stockholms län,0117,Österåker,2,2.2,708567.605873332,6604973.1760881
01,Stockholms län,0117,Österåker,2,2.2,707677.420362827,6604750.39772065
01,Stockholms län,0117,Österåker,2,2.2,707151.560016773,6604003.10401598
01,Stockholms län,0117,Österåker,2,2.2,706323.259143553,6602471.24255537
01,Stockholms län,0117,Österåker,2,2.2,705830.390948076,6601312.40898996
01,Stockholms län,0117,Österåker,2,2.2,704937.38268798,6600827.63200924
01,Stockholms län,0117,Österåker,2,2.2,704271.548957182,6600903.53831161
01,Stockholms län,0117,Österåker,2,2.2,703749.148546052,6600530.24510311
01,Stockholms län,0117,Österåker,2,2.2,703444.623306349,6599670.66793111
01,Stockholms län,0117,Österåker,2,2.2,703912.819839306,6598248.53186921
01,Stockholms län,0117,Österåker,2,2.2,703900.504241095,6596790.56662522
01,Stockholms län,0117,Österåker,2,2.2,703562.45964803,6596303.53735233
01,Stockholms län,0117,Österåker,2,2.2,702821.535234172,6596305.53939191
01,Stockholms län,0184,Solna,1,20.1,672821.544876022,6584462.55667386
01,Stockholms län,0184,Solna,1,20.1,672967.146439838,6584163.36428487
01,Stockholms län,0184,Solna,1,20.1,672552.720669847,6583378.47490341
01,Stockholms län,0184,Solna,1,20.1,671959.70656871,6583305.30622891
01,Stockholms län,0184,Solna,1,20.1,671285.873232274,6582558.26257485
01,Stockholms län,0184,Solna,1,20.1,670766.843048203,6582484.9808307
01,Stockholms län,0184,Solna,1,20.1,670244.702369696,6582362.8254737
01,Stockholms län,0184,Solna,1,20.1,670197.83671792,6582411.10381243
01,Stockholms län,0184,Solna,1,20.1,668936.923946708,6583659.61562377
01,Stockholms län,0184,Solna,1,20.1,669906.99796789,6585703.03138462
01,Stockholms län,0184,Solna,1,20.1,669016.451034057,6587657.90802674
01,Stockholms län,0184,Solna,1,20.1,670314.462936029,6588381.52095815
01,Stockholms län,0184,Solna,1,20.1,673846.11208957,6586134.70140811
01,Stockholms län,0184,Solna,1,20.1,672718.672721997,6585361.15956996
01,Stockholms län,0184,Solna,1,20.1,672821.544876022,6584462.55667386
18,Örebro län,1861,Hallsberg,1,200.1,490117.541868882,6539537.37252482
18,Örebro län,1861,Hallsberg,1,200.1,483103.339702327,6537948.33313615
18,Örebro län,1861,Hallsberg,1,200.1,480831.997499989,6539291.41317261
18,Örebro län,1861,Hallsberg,1,200.1,480553.287308866,6542341.88745698
18,Örebro län,1861,Hallsberg,1,200.1,482766.392954647,6543589.13286573
18,Örebro län,1861,Hallsberg,1,200.1,486049.619005596,6544793.31572619
18,Örebro län,1861,Hallsberg,1,200.1,491688.163552524,6550453.3028435605
18,Örebro län,1861,Hallsberg,1,200.1,496264.94372894,6550581.53750528
18,Örebro län,1861,Hallsberg,1,200.1,495875.79364136,6548204.70859269
18,Örebro län,1861,Hallsberg,1,200.1,503747.659125521,6548395.70551551
18,Örebro län,1861,Hallsberg,1,200.1,504315.692813236,6549949.01757273
18,Örebro län,1861,Hallsberg,1,200.1,513375.808500661,6551829.80471053
18,Örebro län,1861,Hallsberg,1,200.1,516054.279419529,6556184.67732951
18,Örebro län,1861,Hallsberg,1,200.1,520109.726194218,6559591.54071242
18,Örebro län,1861,Hallsberg,1,200.1,522037.782401376,6548111.68040468
18,Örebro län,1861,Hallsberg,1,200.1,525565.197663847,6545330.19466631
18,Örebro län,1861,Hallsberg,1,200.1,524693.053145732,6537162.3737241
18,Örebro län,1861,Hallsberg,1,200.1,530528.229903755,6534004.79618432
18,Örebro län,1861,Hallsberg,1,200.1,532615.259301586,6530297.1618599
18,Örebro län,1861,Hallsberg,1,200.1,530176.969901518,6526321.06252808
18,Örebro län,1861,Hallsberg,1,200.1,525357.391669158,6526417.94196782
18,Örebro län,1861,Hallsberg,1,200.1,524204.439315613,6521299.75102951
18,Örebro län,1861,Hallsberg,1,200.1,522334.310150555,6524516.14584895
18,Örebro län,1861,Hallsberg,1,200.1,519564.424449187,6523090.25284077
18,Örebro län,1861,Hallsberg,1,200.1,517775.760907266,6530829.08013626
18,Örebro län,1861,Hallsberg,1,200.1,504232.449959075,6543512.29291865
18,Örebro län,1861,Hallsberg,1,200.1,496546.05868148,6541287.31325096
18,Örebro län,1861,Hallsberg,1,200.1,493247.415831074,6542435.08216299
18,Örebro län,1861,Hallsberg,1,200.1,490117.541868882,6539537.37252482
18,Örebro län,1862,Degerfors,1,201.1,467169.452587887,6575348.25854803
18,Örebro län,1862,Degerfors,1,201.1,469282.957906649,6572511.96985884
18,Örebro län,1862,Degerfors,1,201.1,474608.504341151,6573369.1020791
18,Örebro län,1862,Degerfors,1,201.1,477541.368833572,6568164.60681515
18,Örebro län,1862,Degerfors,1,201.1,473266.648395089,6566459.54395262
18,Örebro län,1862,Degerfors,1,201.1,475030.896870453,6562248.51555101
18,Örebro län,1862,Degerfors,1,201.1,474645.05930623,6558368.96139631
18,Örebro län,1862,Degerfors,1,201.1,476601.603810591,6554571.37091768
18,Örebro län,1862,Degerfors,1,201.1,475676.404791939,6552076.36226281
18,Örebro län,1862,Degerfors,1,201.1,469089.560186384,6549975.50520861
18,Örebro län,1862,Degerfors,1,201.1,468607.978994988,6543580.21635772
18,Örebro län,1862,Degerfors,1,201.1,457934.40162987,6540254.70810255
18,Örebro län,1862,Degerfors,1,201.1,461566.278299995,6551157.1480282
18,Örebro län,1862,Degerfors,1,201.1,458862.104571194,6557881.74845071
18,Örebro län,1862,Degerfors,1,201.1,459957.939597652,6560587.90267419
18,Örebro län,1862,Degerfors,1,201.1,459138.473176545,6566110.76052964
18,Örebro län,1862,Degerfors,1,201.1,461238.244034647,6575065.55573093
18,Örebro län,1862,Degerfors,1,201.1,467169.452587887,6575348.25854803
18,Örebro län,1863,Hällefors,1,202.1,484521.337951326,6619067.9565722
18,Örebro län,1863,Hällefors,1,202.1,486827.714302109,6612383.47733009
18,Örebro län,1863,Hällefors,1,202.1,483203.904760592,6606716.59170266
18,Örebro län,1863,Hällefors,1,202.1,478439.722479382,6603585.93170474
18,Örebro län,1863,Hällefors,1,202.1,483717.572130954,6600220.26486677
18,Örebro län,1863,Hällefors,1,202.1,483447.910407217,6593936.36027894
18,Örebro län,1863,Hällefors,1,202.1,479530.331061818,6596826.74513022
18,Örebro län,1863,Hällefors,1,202.1,469645.175602789,6599461.77859294
18,Örebro län,1863,Hällefors,1,202.1,469509.201780041,6606054.5495886
18,Örebro län,1863,Hällefors,1,202.1,467378.347326889,6615002.14819509
18,Örebro län,1863,Hällefors,1,202.1,468401.258928553,6618925.04419731
18,Örebro län,1863,Hällefors,1,202.1,465391.533721597,6624674.17428956
18,Örebro län,1863,Hällefors,1,202.1,468413.192013099,6626577.1819739
18,Örebro län,1863,Hällefors,1,202.1,467259.666990415,6632738.72332425
18,Örebro län,1863,Hällefors,1,202.1,468174.997801696,6641304.50893661
18,Örebro län,1863,Hällefors,1,202.1,465094.056955134,6642630.44917387
18,Örebro län,1863,Hällefors,1,202.1,463307.892118963,6646641.09933384
18,Örebro län,1863,Hällefors,1,202.1,470019.441247221,6649168.91401753
18,Örebro län,1863,Hällefors,1,202.1,468699.075600216,6654407.76940713
18,Örebro län,1863,Hällefors,1,202.1,485796.788395666,6651764.27581459
18,Örebro län,1863,Hällefors,1,202.1,486760.377263117,6643809.97542154
18,Örebro län,1863,Hällefors,1,202.1,494853.041984692,6626590.82823565
18,Örebro län,1863,Hällefors,1,202.1,496763.621613324,6621224.00508145
18,Örebro län,1863,Hällefors,1,202.1,492911.818747,6622227.80480804
18,Örebro län,1863,Hällefors,1,202.1,489563.477232087,6619149.22422242
18,Örebro län,1863,Hällefors,1,202.1,484521.337951326,6619067.9565722
18,Örebro län,1864,Ljusnarsberg,1,203.1,484272.595032259,6661991.87692492
18,Örebro län,1864,Ljusnarsberg,1,203.1,488394.930559325,6664788.15041453
18,Örebro län,1864,Ljusnarsberg,1,203.1,491446.283589362,6665077.29479923
18,Örebro län,1864,Ljusnarsberg,1,203.1,491817.785579569,6661010.31643454
18,Örebro län,1864,Ljusnarsberg,1,203.1,495743.805516614,6658187.23860334
18,Örebro län,1864,Ljusnarsberg,1,203.1,499624.900306875,6660605.72727609
18,Örebro län,1864,Ljusnarsberg,1,203.1,501026.294899249,6658647.52383552
18,Örebro län,1864,Ljusnarsberg,1,203.1,503699.903511875,6659175.958477
18,Örebro län,1864,Ljusnarsberg,1,203.1,506927.362676373,6654209.05883767
18,Örebro län,1864,Ljusnarsberg,1,203.1,512096.392018924,6650451.38754916
18,Örebro län,1864,Ljusnarsberg,1,203.1,507435.65672013,6633815.36736726
18,Örebro län,1864,Ljusnarsberg,1,203.1,505010.428952941,6631849.54116208
18,Örebro län,1864,Ljusnarsberg,1,203.1,504892.079815071,6628841.15116597
18,Örebro län,1864,Ljusnarsberg,1,203.1,494853.041984692,6626590.82823565
18,Örebro län,1864,Ljusnarsberg,1,203.1,486760.377263117,6643809.97542154
18,Örebro län,1864,Ljusnarsberg,1,203.1,485796.788395666,6651764.27581459
18,Örebro län,1864,Ljusnarsberg,1,203.1,484272.595032259,6661991.87692492
18,Örebro län,1880,Örebro,1,204.1,503432.337419031,6560513.5909004
18,Örebro län,1880,Örebro,1,204.1,501182.106980534,6563336.67885668
18,Örebro län,1880,Örebro,1,204.1,496968.806240112,6560931.59348316
18,Örebro län,1880,Örebro,1,204.1,495990.495177149,6562830.4779774
18,Örebro län,1880,Örebro,1,204.1,497313.962938123,6563992.86068726
18,Örebro län,1880,Örebro,1,204.1,495921.19244648103,6568561.64796566
18,Örebro län,1880,Örebro,1,204.1,492219.797517172,6574440.00875637
18,Örebro län,1880,Örebro,1,204.1,488184.844576799,6576301.86021194
18,Örebro län,1880,Örebro,1,204.1,485174.612890335,6581203.07393936
18,Örebro län,1880,Örebro,1,204.1,487966.152011274,6583466.0510688
18,Örebro län,1880,Örebro,1,204.1,496371.742797238,6582997.07072213
18,Örebro län,1880,Örebro,1,204.1,499626.961410435,6587091.03987518
18,Örebro län,1880,Örebro,1,204.1,499960.207071595,6592092.28547691
18,Örebro län,1880,Örebro,1,204.1,503785.766119389,6592098.67919136
18,Örebro län,1880,Örebro,1,204.1,504064.666155064,6589047.13851687
18,Örebro län,1880,Örebro,1,204.1,507996.125937366,6590050.44972987
18,Örebro län,1880,Örebro,1,204.1,508902.205840709,6597273.91810037
18,Örebro län,1880,Örebro,1,204.1,515041.384843212,6597579.29256639
18,Örebro län,1880,Örebro,1,204.1,515911.232876976,6590641.21094519
18,Örebro län,1880,Örebro,1,204.1,523527.334904979,6588442.27286396
18,Örebro län,1880,Örebro,1,204.1,532868.324042711,6587943.65741268
18,Örebro län,1880,Örebro,1,204.1,536478.69778824,6579647.05668979
18,Örebro län,1880,Örebro,1,204.1,535101.308004494,6576164.47853908
18,Örebro län,1880,Örebro,1,204.1,531338.340700775,6576756.73120644
18,Örebro län,1880,Örebro,1,204.1,524029.601081903,6574290.04831165
18,Örebro län,1880,Örebro,1,204.1,516001.540939601,6574517.79294587
18,Örebro län,1880,Örebro,1,204.1,516299.940563473,6571667.37082733
18,Örebro län,1880,Örebro,1,204.1,524408.620806271,6568411.58940363
18,Örebro län,1880,Örebro,1,204.1,531958.766955315,6571253.01697518
18,Örebro län,1880,Örebro,1,204.1,536582.436953901,6565537.7930497
18,Örebro län,1880,Örebro,1,204.1,534386.668730676,6561938.37988235
18,Örebro län,1880,Örebro,1,204.1,537346.129046603,6557603.54297955
18,Örebro län,1880,Örebro,1,204.1,544026.194257932,6557011.45729421
18,Örebro län,1880,Örebro,1,204.1,544173.482013466,6553673.27314894
18,Örebro län,1880,Örebro,1,204.1,538846.513096733,6552815.18476839
18,Örebro län,1880,Örebro,1,204.1,535904.015032819,6547883.20762319
18,Örebro län,1880,Örebro,1,204.1,534774.767818892,6542964.14475191
18,Örebro län,1880,Örebro,1,204.1,536317.063368688,6540578.51350371
18,Örebro län,1880,Örebro,1,204.1,530528.229903755,6534004.79618432
18,Örebro län,1880,Örebro,1,204.1,524693.053145732,6537162.3737241
18,Örebro län,1880,Örebro,1,204.1,525565.197663847,6545330.19466631
18,Örebro län,1880,Örebro,1,204.1,522037.782401376,6548111.68040468
18,Örebro län,1880,Örebro,1,204.1,520109.726194218,6559591.54071242
18,Örebro län,1880,Örebro,1,204.1,516230.688824394,6561604.95694899
18,Örebro län,1880,Örebro,1,204.1,513494.252681648,6560478.26278724
18,Örebro län,1880,Örebro,1,204.1,509291.886334802,6560711.3678009
18,Örebro län,1880,Örebro,1,204.1,503432.337419031,6560513.5909004
18,Örebro län,1881,Kumla,1,205.1,503432.337419031,6560513.5909004
18,Örebro län,1881,Kumla,1,205.1,509291.886334802,6560711.3678009
18,Örebro län,1881,Kumla,1,205.1,513494.252681648,6560478.26278724
18,Örebro län,1881,Kumla,1,205.1,516230.688824394,6561604.95694899
18,Örebro län,1881,Kumla,1,205.1,520109.726194218,6559591.54071242
18,Örebro län,1881,Kumla,1,205.1,516054.279419529,6556184.67732951
18,Örebro län,1881,Kumla,1,205.1,513375.808500661,6551829.80471053
18,Örebro län,1881,Kumla,1,205.1,504315.692813236,6549949.01757273
18,Örebro län,1881,Kumla,1,205.1,503747.659125521,6548395.70551551
18,Örebro län,1881,Kumla,1,205.1,495875.79364136,6548204.70859269
18,Örebro län,1881,Kumla,1,205.1,496264.94372894,6550581.53750528
18,Örebro län,1881,Kumla,1,205.1,499451.936307515,6555287.34143129
18,Örebro län,1881,Kumla,1,205.1,502709.597444711,6555764.94690008
18,Örebro län,1881,Kumla,1,205.1,503432.337419031,6560513.5909004
18,Örebro län,1882,Askersund,1,206.1,492683.306228256,6518325.14384921
18,Örebro län,1882,Askersund,1,206.1,489419.85494135,6510405.79574146
18,Örebro län,1882,Askersund,1,206.1,483850.368407594,6506880.10181294
18,Örebro län,1882,Askersund,1,206.1,481718.880359202,6511807.58518772
18,Örebro län,1882,Askersund,1,206.1,480900.689030244,6517331.62108507
18,Örebro län,1882,Askersund,1,206.1,478433.182290659,6520607.64964062
18,Örebro län,1882,Askersund,1,206.1,479369.193432631,6529372.56356071
18,Örebro län,1882,Askersund,1,206.1,486063.832766667,6534914.18937538
18,Örebro län,1882,Askersund,1,206.1,483103.339702327,6537948.33313615
18,Örebro län,1882,Askersund,1,206.1,490117.541868882,6539537.37252482
18,Örebro län,1882,Askersund,1,206.1,493247.415831074,6542435.08216299
18,Örebro län,1882,Askersund,1,206.1,496546.05868148,6541287.31325096
18,Örebro län,1882,Askersund,1,206.1,504232.449959075,6543512.29291865
18,Örebro län,1882,Askersund,1,206.1,517775.760907266,6530829.08013626
18,Örebro län,1882,Askersund,1,206.1,519564.424449187,6523090.25284077
18,Örebro län,1882,Askersund,1,206.1,514256.247416462,6526159.24489352
18,Örebro län,1882,Askersund,1,206.1,510779.913467894,6521887.84304829
18,Örebro län,1882,Askersund,1,206.1,507750.060875304,6521797.37091693
18,Örebro län,1882,Askersund,1,206.1,504956.629939733,6518261.97278634
18,Örebro län,1882,Askersund,1,206.1,502873.562611545,6513844.46764949
18,Örebro län,1882,Askersund,1,206.1,501629.368270307,6509742.96063702
18,Örebro län,1882,Askersund,1,206.1,496488.704692872,6506544.26035431
18,Örebro län,1882,Askersund,1,206.1,498814.448854332,6511648.39598311
18,Örebro län,1882,Askersund,1,206.1,498423.060332713,6515514.28750755
18,Örebro län,1882,Askersund,1,206.1,496545.086686064,6514903.89942515
18,Örebro län,1882,Askersund,1,206.1,496365.588749098,6520763.60602614
18,Örebro län,1882,Askersund,1,206.1,492683.306228256,6518325.14384921
18,Örebro län,1883,Karlskoga,1,207.1,467169.452587887,6575348.25854803
18,Örebro län,1883,Karlskoga,1,207.1,461238.244034647,6575065.55573093
18,Örebro län,1883,Karlskoga,1,207.1,461222.324866598,6576215.89884122
18,Örebro län,1883,Karlskoga,1,207.1,464522.831658675,6584484.57789282
18,Örebro län,1883,Karlskoga,1,207.1,469540.917267117,6590006.2216572
18,Örebro län,1883,Karlskoga,1,207.1,465926.850019048,6597631.38688582
18,Örebro län,1883,Karlskoga,1,207.1,467042.155536328,6600536.77010654
18,Örebro län,1883,Karlskoga,1,207.1,469645.175602789,6599461.77859294
18,Örebro län,1883,Karlskoga,1,207.1,479530.331061818,6596826.74513022
18,Örebro län,1883,Karlskoga,1,207.1,483447.910407217,6593936.36027894
18,Örebro län,1883,Karlskoga,1,207.1,481935.798840107,6587312.53090381
18,Örebro län,1883,Karlskoga,1,207.1,485174.612890335,6581203.07393936
18,Örebro län,1883,Karlskoga,1,207.1,488184.844576799,6576301.86021194
18,Örebro län,1883,Karlskoga,1,207.1,485975.661486335,6569396.6958767
18,Örebro län,1883,Karlskoga,1,207.1,477541.368833572,6568164.60681515
18,Örebro län,1883,Karlskoga,1,207.1,474608.504341151,6573369.1020791
18,Örebro län,1883,Karlskoga,1,207.1,469282.957906649,6572511.96985884
18,Örebro län,1883,Karlskoga,1,207.1,467169.452587887,6575348.25854803
18,Örebro län,1884,Nora,1,208.1,499960.207071595,6592092.28547691
18,Örebro län,1884,Nora,1,208.1,499626.961410435,6587091.03987518
18,Örebro län,1884,Nora,1,208.1,496371.742797238,6582997.07072213
18,Örebro län,1884,Nora,1,208.1,487966.152011274,6583466.0510688
18,Örebro län,1884,Nora,1,208.1,485174.612890335,6581203.07393936
18,Örebro län,1884,Nora,1,208.1,481935.798840107,6587312.53090381
18,Örebro län,1884,Nora,1,208.1,483447.910407217,6593936.36027894
18,Örebro län,1884,Nora,1,208.1,483717.572130954,6600220.26486677
18,Örebro län,1884,Nora,1,208.1,478439.722479382,6603585.93170474
18,Örebro län,1884,Nora,1,208.1,483203.904760592,6606716.59170266
18,Örebro län,1884,Nora,1,208.1,486827.714302109,6612383.47733009
18,Örebro län,1884,Nora,1,208.1,484521.337951326,6619067.9565722
18,Örebro län,1884,Nora,1,208.1,489563.477232087,6619149.22422242
18,Örebro län,1884,Nora,1,208.1,492911.818747,6622227.80480804
18,Örebro län,1884,Nora,1,208.1,496763.621613324,6621224.00508145
18,Örebro län,1884,Nora,1,208.1,497507.554536275,6612486.19878639
18,Örebro län,1884,Nora,1,208.1,499591.657954236,6611263.94944317
18,Örebro län,1884,Nora,1,208.1,499081.911558122,6606482.47323379
18,Örebro län,1884,Nora,1,208.1,505558.537243806,6606817.99820073
18,Örebro län,1884,Nora,1,208.1,509073.503912275,6602024.34096263
18,Örebro län,1884,Nora,1,208.1,508902.205840709,6597273.91810037
18,Örebro län,1884,Nora,1,208.1,507996.125937366,6590050.44972987
18,Örebro län,1884,Nora,1,208.1,504064.666155064,6589047.13851687
18,Örebro län,1884,Nora,1,208.1,503785.766119389,6592098.67919136
18,Örebro län,1884,Nora,1,208.1,499960.207071595,6592092.28547691
18,Örebro län,1885,Lindesberg,1,209.1,534695.505443874,6598765.3551007
18,Örebro län,1885,Lindesberg,1,209.1,540119.587980125,6599277.00298864
18,Örebro län,1885,Lindesberg,1,209.1,538137.843824995,6595185.24924536
18,Örebro län,1885,Lindesberg,1,209.1,539981.671514177,6593585.11507665
18,Örebro län,1885,Lindesberg,1,209.1,540139.068808018,6587526.92185077
18,Örebro län,1885,Lindesberg,1,209.1,532868.324042711,6587943.65741268
18,Örebro län,1885,Lindesberg,1,209.1,523527.334904979,6588442.27286396
18,Örebro län,1885,Lindesberg,1,209.1,515911.232876976,6590641.21094519
18,Örebro län,1885,Lindesberg,1,209.1,515041.384843212,6597579.29256639
18,Örebro län,1885,Lindesberg,1,209.1,508902.205840709,6597273.91810037
18,Örebro län,1885,Lindesberg,1,209.1,509073.503912275,6602024.34096263
18,Örebro län,1885,Lindesberg,1,209.1,505558.537243806,6606817.99820073
18,Örebro län,1885,Lindesberg,1,209.1,499081.911558122,6606482.47323379
18,Örebro län,1885,Lindesberg,1,209.1,499591.657954236,6611263.94944317
18,Örebro län,1885,Lindesberg,1,209.1,497507.554536275,6612486.19878639
18,Örebro län,1885,Lindesberg,1,209.1,496763.621613324,6621224.00508145
18,Örebro län,1885,Lindesberg,1,209.1,494853.041984692,6626590.82823565
18,Örebro län,1885,Lindesberg,1,209.1,504892.079815071,6628841.15116597
18,Örebro län,1885,Lindesberg,1,209.1,505010.428952941,6631849.54116208
18,Örebro län,1885,Lindesberg,1,209.1,507435.65672013,6633815.36736726
18,Örebro län,1885,Lindesberg,1,209.1,512096.392018924,6650451.38754916
18,Örebro län,1885,Lindesberg,1,209.1,518141.045053022,6643582.39393227
18,Örebro län,1885,Lindesberg,1,209.1,522499.752105387,6636015.00547737
18,Örebro län,1885,Lindesberg,1,209.1,522838.553997105,6631010.791096
18,Örebro län,1885,Lindesberg,1,209.1,527027.501450857,6628764.4946164
18,Örebro län,1885,Lindesberg,1,209.1,530083.663088934,6619048.82815522
18,Örebro län,1885,Lindesberg,1,209.1,527601.148319427,6613397.49644347
18,Örebro län,1885,Lindesberg,1,209.1,530090.723685643,6610319.74433686
18,Örebro län,1885,Lindesberg,1,209.1,533760.362361367,6610746.17168076
18,Örebro län,1885,Lindesberg,1,209.1,534466.289266742,6606040.25446339
18,Örebro län,1885,Lindesberg,1,209.1,534695.505443874,6598765.3551007
01,Stockholms län,0186,Lidingö,1,21.1,676368.404140165,6587562.04103328
01,Stockholms län,0186,Lidingö,1,21.1,676779.732367507,6587859.97424809
01,Stockholms län,0186,Lidingö,1,21.1,677666.962639665,6587746.7460864
01,Stockholms län,0186,Lidingö,1,21.1,678810.795122644,6587332.67939363
01,Stockholms län,0186,Lidingö,1,21.1,680360.196437951,6586619.56787472
01,Stockholms län,0186,Lidingö,1,21.1,681988.146718184,6586355.3351686
01,Stockholms län,0186,Lidingö,1,21.1,682616.883663858,6586203.98493726
01,Stockholms län,0186,Lidingö,1,21.1,683433.692237936,6586539.83118653
01,Stockholms län,0186,Lidingö,1,21.1,684210.863293671,6586351.28217025
01,Stockholms län,0186,Lidingö,1,21.1,684352.223877688,6585659.10070039
01,Stockholms län,0186,Lidingö,1,21.1,684017.866109184,6585528.06756744
01,Stockholms län,0186,Lidingö,1,21.1,683128.883712495,6585455.29982296
01,Stockholms län,0186,Lidingö,1,21.1,682792.004397899,6585119.27020283
01,Stockholms län,0186,Lidingö,1,21.1,682899.530788373,6584744.62832054
01,Stockholms län,0186,Lidingö,1,21.1,683228.476066151,6584332.68168141
01,Stockholms län,0186,Lidingö,1,21.1,682926.652982166,6583661.12970903
01,Stockholms län,0186,Lidingö,1,21.1,682255.633559847,6583176.07269968
01,Stockholms län,0186,Lidingö,1,21.1,681287.656167025,6582691.41885238
01,Stockholms län,0186,Lidingö,1,21.1,680028.833770382,6582693.16853669
01,Stockholms län,0186,Lidingö,1,21.1,678735.474281492,6583069.43295863
01,Stockholms län,0186,Lidingö,1,21.1,677895.728584935,6584380.05403664
01,Stockholms län,0186,Lidingö,1,21.1,677642.600543831,6585053.87776503
01,Stockholms län,0186,Lidingö,1,21.1,677612.098453759,6585838.38077941
01,Stockholms län,0186,Lidingö,1,21.1,677209.809649389,6586362.4272244
01,Stockholms län,0186,Lidingö,1,21.1,676508.717144344,6586626.89123217
01,Stockholms län,0186,Lidingö,1,21.1,676327.308610096,6587075.61926163
01,Stockholms län,0186,Lidingö,1,21.1,676368.404140165,6587562.04103328
19,Västmanlands län,1904,Skinnskatteberg,1,210.1,546560.109833802,6611837.30720516
19,Västmanlands län,1904,Skinnskatteberg,1,210.1,542684.192991766,6613245.79296803
19,Västmanlands län,1904,Skinnskatteberg,1,210.1,541937.076572116,6617553.37732061
19,Västmanlands län,1904,Skinnskatteberg,1,210.1,538751.083602535,6617881.55358904
19,Västmanlands län,1904,Skinnskatteberg,1,210.1,535855.582214193,6617175.58766196
19,Västmanlands län,1904,Skinnskatteberg,1,210.1,530083.663088934,6619048.82815522
19,Västmanlands län,1904,Skinnskatteberg,1,210.1,527027.501450857,6628764.4946164
19,Västmanlands län,1904,Skinnskatteberg,1,210.1,522838.553997105,6631010.791096
19,Västmanlands län,1904,Skinnskatteberg,1,210.1,522499.752105387,6636015.00547737
19,Västmanlands län,1904,Skinnskatteberg,1,210.1,526931.852230742,6641060.31199021
19,Västmanlands län,1904,Skinnskatteberg,1,210.1,529602.819210988,6647229.85145963
19,Västmanlands län,1904,Skinnskatteberg,1,210.1,534005.497558056,6646975.58111995
19,Västmanlands län,1904,Skinnskatteberg,1,210.1,537873.251111878,6645500.17968104
19,Västmanlands län,1904,Skinnskatteberg,1,210.1,543322.940412729,6639968.29219363
19,Västmanlands län,1904,Skinnskatteberg,1,210.1,549665.38838397,6640922.2516412
19,Västmanlands län,1904,Skinnskatteberg,1,210.1,551936.244728511,6635786.44507674
19,Västmanlands län,1904,Skinnskatteberg,1,210.1,555330.340643515,6629861.51529801
19,Västmanlands län,1904,Skinnskatteberg,1,210.1,555679.361891482,6620560.5120713
19,Västmanlands län,1904,Skinnskatteberg,1,210.1,553620.588157637,6615737.91843956
19,Västmanlands län,1904,Skinnskatteberg,1,210.1,548870.602357507,6614619.53627722
19,Västmanlands län,1904,Skinnskatteberg,1,210.1,546560.109833802,6611837.30720516
19,Västmanlands län,1907,Surahammar,1,211.1,555679.361891482,6620560.5120713
19,Västmanlands län,1907,Surahammar,1,211.1,555330.340643515,6629861.51529801
19,Västmanlands län,1907,Surahammar,1,211.1,551936.244728511,6635786.44507674
19,Västmanlands län,1907,Surahammar,1,211.1,562049.734177882,6641250.98825987
19,Västmanlands län,1907,Surahammar,1,211.1,567750.885575454,6636834.67804413
19,Västmanlands län,1907,Surahammar,1,211.1,568016.443871669,6631771.33303872
19,Västmanlands län,1907,Surahammar,1,211.1,571778.898140388,6628360.06990502
19,Västmanlands län,1907,Surahammar,1,211.1,572362.835343969,6626872.5775454
19,Västmanlands län,1907,Surahammar,1,211.1,572452.568734206,6620395.46658764
19,Västmanlands län,1907,Surahammar,1,211.1,571142.311043495,6616744.55259945
19,Västmanlands län,1907,Surahammar,1,211.1,569236.926930907,6614926.90306601
19,Västmanlands län,1907,Surahammar,1,211.1,565981.072927226,6616471.90941502
19,Västmanlands län,1907,Surahammar,1,211.1,563092.535401634,6613950.52806801
19,Västmanlands län,1907,Surahammar,1,211.1,555679.361891482,6620560.5120713
03,Uppsala län,0331,Heby,1,212.1,625808.673128184,6682793.51342475
03,Uppsala län,0331,Heby,1,212.1,631265.33958581,6679206.9927852
03,Uppsala län,0331,Heby,1,212.1,628787.975573889,6669211.85735981
03,Uppsala län,0331,Heby,1,212.1,627763.366307025,6665266.19039807
03,Uppsala län,0331,Heby,1,212.1,628249.875346069,6660381.18108252
03,Uppsala län,0331,Heby,1,212.1,625740.102133815,6657620.16677402
03,Uppsala län,0331,Heby,1,212.1,622794.116332835,6658328.06873549
03,Uppsala län,0331,Heby,1,212.1,621352.207925354,6654247.38987406
03,Uppsala län,0331,Heby,1,212.1,617661.664998268,6653621.52855751
03,Uppsala län,0331,Heby,1,212.1,616809.239840728,6651293.66591633
03,Uppsala län,0331,Heby,1,212.1,619164.691319254,6648833.93159698
03,Uppsala län,0331,Heby,1,212.1,619067.667076873,6640383.65745123
03,Uppsala län,0331,Heby,1,212.1,613387.729928171,6634324.88043338
03,Uppsala län,0331,Heby,1,212.1,609211.844254243,6638585.0449315
03,Uppsala län,0331,Heby,1,212.1,602559.59034596,6637258.36745442
03,Uppsala län,0331,Heby,1,212.1,599467.393807208,6641606.64155865
03,Uppsala län,0331,Heby,1,212.1,600540.582403701,6644114.10108852
03,Uppsala län,0331,Heby,1,212.1,599899.096669315,6649418.97439847
03,Uppsala län,0331,Heby,1,212.1,594328.807771211,6653821.97060223
03,Uppsala län,0331,Heby,1,212.1,595905.189272362,6657284.31929654
03,Uppsala län,0331,Heby,1,212.1,594103.421822704,6664924.41778026
03,Uppsala län,0331,Heby,1,212.1,596422.021985524,6665892.47666584
03,Uppsala län,0331,Heby,1,212.1,595371.113061138,6674914.38456615
03,Uppsala län,0331,Heby,1,212.1,599633.21158725,6675228.36901733
03,Uppsala län,0331,Heby,1,212.1,604147.274295651,6679797.42043347
03,Uppsala län,0331,Heby,1,212.1,603186.228684484,6682111.11171194
03,Uppsala län,0331,Heby,1,212.1,605362.504204523,6684908.04098076
03,Uppsala län,0331,Heby,1,212.1,616187.048416133,6683183.79721199
03,Uppsala län,0331,Heby,1,212.1,621518.55777186,6687868.93241415
03,Uppsala län,0331,Heby,1,212.1,625729.649639145,6685822.88595426
03,Uppsala län,0331,Heby,1,212.1,625808.673128184,6682793.51342475
19,Västmanlands län,1960,Kungsör,1,213.1,553128.761295203,6596049.81114013
19,Västmanlands län,1960,Kungsör,1,213.1,554288.750438634,6593713.57447972
19,Västmanlands län,1960,Kungsör,1,213.1,559949.421313071,6593933.16045183
19,Västmanlands län,1960,Kungsör,1,213.1,561651.237864791,6589124.18489218
19,Västmanlands län,1960,Kungsör,1,213.1,569795.386871868,6589992.66928254
19,Västmanlands län,1960,Kungsör,1,213.1,569466.902944725,6586905.54829119
19,Västmanlands län,1960,Kungsör,1,213.1,572261.601797977,6584802.99765834
19,Västmanlands län,1960,Kungsör,1,213.1,571565.094203966,6582054.32740552
19,Västmanlands län,1960,Kungsör,1,213.1,564539.531025948,6580365.7063574
19,Västmanlands län,1960,Kungsör,1,213.1,559782.496618333,6581059.88158262
19,Västmanlands län,1960,Kungsör,1,213.1,556682.739432953,6582188.00232191
19,Västmanlands län,1960,Kungsör,1,213.1,555599.149844495,6587132.4173964
19,Västmanlands län,1960,Kungsör,1,213.1,551950.97152518,6586906.26501266
19,Västmanlands län,1960,Kungsör,1,213.1,549455.967495755,6593073.16107607
19,Västmanlands län,1960,Kungsör,1,213.1,553128.761295203,6596049.81114013
19,Västmanlands län,1961,Hallstahammar,1,214.1,570256.131546796,6596188.52416003
19,Västmanlands län,1961,Hallstahammar,1,214.1,561117.660899414,6610529.5233709
19,Västmanlands län,1961,Hallstahammar,1,214.1,563092.535401634,6613950.52806801
19,Västmanlands län,1961,Hallstahammar,1,214.1,565981.072927226,6616471.90941502
19,Västmanlands län,1961,Hallstahammar,1,214.1,569236.926930907,6614926.90306601
19,Västmanlands län,1961,Hallstahammar,1,214.1,571142.311043495,6616744.55259945
19,Västmanlands län,1961,Hallstahammar,1,214.1,574771.754008455,6608310.96615867
19,Västmanlands län,1961,Hallstahammar,1,214.1,573571.039685388,6604608.41007548
19,Västmanlands län,1961,Hallstahammar,1,214.1,576034.134590316,6603144.71113892
19,Västmanlands län,1961,Hallstahammar,1,214.1,570256.131546796,6596188.52416003
19,Västmanlands län,1962,Norberg,1,215.1,539736.799987072,6666725.25756776
19,Västmanlands län,1962,Norberg,1,215.1,541918.754280059,6668311.39712325
19,Västmanlands län,1962,Norberg,1,215.1,543213.871141075,6671954.08696783
19,Västmanlands län,1962,Norberg,1,215.1,549605.217982207,6670537.57922973
19,Västmanlands län,1962,Norberg,1,215.1,553593.328755477,6673951.26683157
19,Västmanlands län,1962,Norberg,1,215.1,556522.735388607,6673110.30446694
19,Västmanlands län,1962,Norberg,1,215.1,558459.079982301,6668614.27199234
19,Västmanlands län,1962,Norberg,1,215.1,561446.98590775,6668304.84418266
19,Västmanlands län,1962,Norberg,1,215.1,565038.628755524,6666120.31802053
19,Västmanlands län,1962,Norberg,1,215.1,564151.308317188,6661578.77548952
19,Västmanlands län,1962,Norberg,1,215.1,566315.081902289,6660481.49308496
19,Västmanlands län,1962,Norberg,1,215.1,566558.668034137,6652064.84633872
19,Västmanlands län,1962,Norberg,1,215.1,563507.058638259,6651775.72294748
19,Västmanlands län,1962,Norberg,1,215.1,561097.908516329,6646183.97211961
19,Västmanlands län,1962,Norberg,1,215.1,559042.522819526,6651433.39856661
19,Västmanlands län,1962,Norberg,1,215.1,556347.211842393,6650703.75466357
19,Västmanlands län,1962,Norberg,1,215.1,549767.759756249,6653197.7966787
19,Västmanlands län,1962,Norberg,1,215.1,547982.3704289,6657209.80474933
19,Västmanlands län,1962,Norberg,1,215.1,545819.953140096,6655822.85605652
19,Västmanlands län,1962,Norberg,1,215.1,539549.365765688,6653652.05851866
19,Västmanlands län,1962,Norberg,1,215.1,536902.550644035,6657148.67184089
19,Västmanlands län,1962,Norberg,1,215.1,539950.260962512,6663076.99999952
19,Västmanlands län,1962,Norberg,1,215.1,539736.799987072,6666725.25756776
19,Västmanlands län,1980,Västerås,1,216.1,589536.236998908,6631558.26791977
19,Västmanlands län,1980,Västerås,1,216.1,590262.897702734,6627050.27204756
19,Västmanlands län,1980,Västerås,1,216.1,593050.683272601,6626762.24828909
19,Västmanlands län,1980,Västerås,1,216.1,594629.174150273,6630223.58087713
19,Västmanlands län,1980,Västerås,1,216.1,597916.282827011,6628339.0403133
19,Västmanlands län,1980,Västerås,1,216.1,600895.367258073,6622927.61211672
19,Västmanlands län,1980,Västerås,1,216.1,605257.809140665,6616634.16547525
19,Västmanlands län,1980,Västerås,1,216.1,607614.292466881,6604774.62183009
19,Västmanlands län,1980,Västerås,1,216.1,602828.235093864,6605203.42025215
19,Västmanlands län,1980,Västerås,1,216.1,601335.953415832,6602537.9594716
19,Västmanlands län,1980,Västerås,1,216.1,596898.804966514,6600580.59235929
19,Västmanlands län,1980,Västerås,1,216.1,593540.53156095,6604956.73130765
19,Västmanlands län,1980,Västerås,1,216.1,589416.057363295,6607800.92706228
19,Västmanlands län,1980,Västerås,1,216.1,585576.564417,6605781.83604552
19,Västmanlands län,1980,Västerås,1,216.1,587645.317579302,6602544.79314947
19,Västmanlands län,1980,Västerås,1,216.1,584014.029806019,6598691.74185975
19,Västmanlands län,1980,Västerås,1,216.1,581882.006223381,6595689.66982656
19,Västmanlands län,1980,Västerås,1,216.1,575054.580632308,6593980.32850922
19,Västmanlands län,1980,Västerås,1,216.1,570256.131546796,6596188.52416003
19,Västmanlands län,1980,Västerås,1,216.1,576034.134590316,6603144.71113892
19,Västmanlands län,1980,Västerås,1,216.1,573571.039685388,6604608.41007548
19,Västmanlands län,1980,Västerås,1,216.1,574771.754008455,6608310.96615867
19,Västmanlands län,1980,Västerås,1,216.1,571142.311043495,6616744.55259945
19,Västmanlands län,1980,Västerås,1,216.1,572452.568734206,6620395.46658764
19,Västmanlands län,1980,Västerås,1,216.1,572362.835343969,6626872.5775454
19,Västmanlands län,1980,Västerås,1,216.1,571778.898140388,6628360.06990502
19,Västmanlands län,1980,Västerås,1,216.1,581490.445546508,6635411.32935011
19,Västmanlands län,1980,Västerås,1,216.1,589536.236998908,6631558.26791977
19,Västmanlands län,1981,Sala,1,217.1,578927.118750391,6666092.85871437
19,Västmanlands län,1981,Sala,1,217.1,584132.129612869,6669582.48051077
19,Västmanlands län,1981,Sala,1,217.1,584094.270358366,6673010.11791759
19,Västmanlands län,1981,Sala,1,217.1,587051.55700938,6674314.89928493
19,Västmanlands län,1981,Sala,1,217.1,595371.113061138,6674914.38456615
19,Västmanlands län,1981,Sala,1,217.1,596422.021985524,6665892.47666584
19,Västmanlands län,1981,Sala,1,217.1,594103.421822704,6664924.41778026
19,Västmanlands län,1981,Sala,1,217.1,595905.189272362,6657284.31929654
19,Västmanlands län,1981,Sala,1,217.1,594328.807771211,6653821.97060223
19,Västmanlands län,1981,Sala,1,217.1,599899.096669315,6649418.97439847
19,Västmanlands län,1981,Sala,1,217.1,600540.582403701,6644114.10108852
19,Västmanlands län,1981,Sala,1,217.1,599467.393807208,6641606.64155865
19,Västmanlands län,1981,Sala,1,217.1,602559.59034596,6637258.36745442
19,Västmanlands län,1981,Sala,1,217.1,600920.774559804,6632593.54985733
19,Västmanlands län,1981,Sala,1,217.1,597916.282827011,6628339.0403133
19,Västmanlands län,1981,Sala,1,217.1,594629.174150273,6630223.58087713
19,Västmanlands län,1981,Sala,1,217.1,593050.683272601,6626762.24828909
19,Västmanlands län,1981,Sala,1,217.1,590262.897702734,6627050.27204756
19,Västmanlands län,1981,Sala,1,217.1,589536.236998908,6631558.26791977
19,Västmanlands län,1981,Sala,1,217.1,581490.445546508,6635411.32935011
19,Västmanlands län,1981,Sala,1,217.1,571778.898140388,6628360.06990502
19,Västmanlands län,1981,Sala,1,217.1,568016.443871669,6631771.33303872
19,Västmanlands län,1981,Sala,1,217.1,567750.885575454,6636834.67804413
19,Västmanlands län,1981,Sala,1,217.1,562049.734177882,6641250.98825987
19,Västmanlands län,1981,Sala,1,217.1,561097.908516329,6646183.97211961
19,Västmanlands län,1981,Sala,1,217.1,563507.058638259,6651775.72294748
19,Västmanlands län,1981,Sala,1,217.1,566558.668034137,6652064.84633872
19,Västmanlands län,1981,Sala,1,217.1,566315.081902289,6660481.49308496
19,Västmanlands län,1981,Sala,1,217.1,576645.410565725,6661695.20698731
19,Västmanlands län,1981,Sala,1,217.1,578927.118750391,6666092.85871437
19,Västmanlands län,1982,Fagersta,1,218.1,547982.3704289,6657209.80474933
19,Västmanlands län,1982,Fagersta,1,218.1,549767.759756249,6653197.7966787
19,Västmanlands län,1982,Fagersta,1,218.1,556347.211842393,6650703.75466357
19,Västmanlands län,1982,Fagersta,1,218.1,559042.522819526,6651433.39856661
19,Västmanlands län,1982,Fagersta,1,218.1,561097.908516329,6646183.97211961
19,Västmanlands län,1982,Fagersta,1,218.1,562049.734177882,6641250.98825987
19,Västmanlands län,1982,Fagersta,1,218.1,551936.244728511,6635786.44507674
19,Västmanlands län,1982,Fagersta,1,218.1,549665.38838397,6640922.2516412
19,Västmanlands län,1982,Fagersta,1,218.1,543322.940412729,6639968.29219363
19,Västmanlands län,1982,Fagersta,1,218.1,537873.251111878,6645500.17968104
19,Västmanlands län,1982,Fagersta,1,218.1,539549.365765688,6653652.05851866
19,Västmanlands län,1982,Fagersta,1,218.1,545819.953140096,6655822.85605652
19,Västmanlands län,1982,Fagersta,1,218.1,547982.3704289,6657209.80474933
19,Västmanlands län,1983,Köping,1,219.1,555679.361891482,6620560.5120713
19,Västmanlands län,1983,Köping,1,219.1,563092.535401634,6613950.52806801
19,Västmanlands län,1983,Köping,1,219.1,561117.660899414,6610529.5233709
19,Västmanlands län,1983,Köping,1,219.1,570256.131546796,6596188.52416003
19,Västmanlands län,1983,Köping,1,219.1,566583.521874035,6593850.63285191
19,Västmanlands län,1983,Köping,1,219.1,559949.421313071,6593933.16045183
19,Västmanlands län,1983,Köping,1,219.1,554288.750438634,6593713.57447972
19,Västmanlands län,1983,Köping,1,219.1,553128.761295203,6596049.81114013
19,Västmanlands län,1983,Köping,1,219.1,549455.967495755,6593073.16107607
19,Västmanlands län,1983,Köping,1,219.1,546595.041345962,6593303.40067524
19,Västmanlands län,1983,Köping,1,219.1,541940.557553381,6600633.67998003
19,Västmanlands län,1983,Köping,1,219.1,540119.587980125,6599277.00298864
19,Västmanlands län,1983,Köping,1,219.1,534695.505443874,6598765.3551007
19,Västmanlands län,1983,Köping,1,219.1,534466.289266742,6606040.25446339
19,Västmanlands län,1983,Köping,1,219.1,533760.362361367,6610746.17168076
19,Västmanlands län,1983,Köping,1,219.1,530090.723685643,6610319.74433686
19,Västmanlands län,1983,Köping,1,219.1,527601.148319427,6613397.49644347
19,Västmanlands län,1983,Köping,1,219.1,530083.663088934,6619048.82815522
19,Västmanlands län,1983,Köping,1,219.1,535855.582214193,6617175.58766196
19,Västmanlands län,1983,Köping,1,219.1,538751.083602535,6617881.55358904
19,Västmanlands län,1983,Köping,1,219.1,541937.076572116,6617553.37732061
19,Västmanlands län,1983,Köping,1,219.1,542684.192991766,6613245.79296803
19,Västmanlands län,1983,Köping,1,219.1,546560.109833802,6611837.30720516
19,Västmanlands län,1983,Köping,1,219.1,548870.602357507,6614619.53627722
19,Västmanlands län,1983,Köping,1,219.1,553620.588157637,6615737.91843956
19,Västmanlands län,1983,Köping,1,219.1,555679.361891482,6620560.5120713
01,Stockholms län,0187,Vaxholm,1,22.1,686208.904684542,6590199.92155606
01,Stockholms län,0187,Vaxholm,1,22.1,685538.520933447,6589827.84829088
01,Stockholms län,0187,Vaxholm,1,22.1,685757.484520574,6589415.56917734
01,Stockholms län,0187,Vaxholm,1,22.1,687017.958891958,6589525.83219394
01,Stockholms län,0187,Vaxholm,1,22.1,687494.796143795,6589038.68293882
01,Stockholms län,0187,Vaxholm,1,22.1,687043.564469611,6588403.30292718
01,Stockholms län,0187,Vaxholm,1,22.1,685781.259173802,6588031.06607712
01,Stockholms län,0187,Vaxholm,1,22.1,682555.762805567,6587700.01305109
01,Stockholms län,0187,Vaxholm,1,22.1,681744.879641964,6588113.11656132
01,Stockholms län,0187,Vaxholm,1,22.1,680856.09803145,6588189.33855002
01,Stockholms län,0187,Vaxholm,1,22.1,679599.725237414,6588566.0435432
01,Stockholms län,0187,Vaxholm,1,22.1,679647.67585746,6589724.44256324
01,Stockholms län,0187,Vaxholm,1,22.1,679770.780088532,6591033.73212762
01,Stockholms län,0187,Vaxholm,1,22.1,680110.672848449,6591780.74032256
01,Stockholms län,0187,Vaxholm,1,22.1,681256.590539743,6591442.68781311
01,Stockholms län,0187,Vaxholm,1,22.1,681702.259705169,6591629.05852214
01,Stockholms län,0187,Vaxholm,1,22.1,682626.837229411,6591157.34069914
01,Stockholms län,0187,Vaxholm,1,22.1,683450.508945341,6592411.14336936
01,Stockholms län,0187,Vaxholm,1,22.1,684079.881940034,6592372.77746164
01,Stockholms län,0187,Vaxholm,1,22.1,685080.933465667,6592520.89622182
01,Stockholms län,0187,Vaxholm,1,22.1,685594.038631713,6591846.22147207
01,Stockholms län,0187,Vaxholm,1,22.1,686436.072767133,6590760.59003563
01,Stockholms län,0187,Vaxholm,1,22.1,686208.904684542,6590199.92155606
01,Stockholms län,0187,Vaxholm,2,22.2,687863.583147884,6592927.58306725
01,Stockholms län,0187,Vaxholm,2,22.2,687907.591031289,6593750.99582632
01,Stockholms län,0187,Vaxholm,2,22.2,688431.192695156,6594272.26376596
01,Stockholms län,0187,Vaxholm,2,22.2,688913.76656789,6594384.0995738
01,Stockholms län,0187,Vaxholm,2,22.2,689647.747207261,6593635.11615637
01,Stockholms län,0187,Vaxholm,2,22.2,690459.726386149,6593297.01312724
01,Stockholms län,0187,Vaxholm,2,22.2,690566.699801807,6592885.36459065
01,Stockholms län,0187,Vaxholm,2,22.2,689267.397473637,6592513.67118231
01,Stockholms län,0187,Vaxholm,2,22.2,688219.040298832,6591319.1322666
01,Stockholms län,0187,Vaxholm,2,22.2,687519.783313333,6591843.57147758
01,Stockholms län,0187,Vaxholm,2,22.2,687863.583147884,6592927.58306725
19,Västmanlands län,1984,Arboga,1,220.1,543129.54111263,6575936.7531971
19,Västmanlands län,1984,Arboga,1,220.1,535101.308004494,6576164.47853908
19,Västmanlands län,1984,Arboga,1,220.1,536478.69778824,6579647.05668979
19,Västmanlands län,1984,Arboga,1,220.1,532868.324042711,6587943.65741268
19,Västmanlands län,1984,Arboga,1,220.1,540139.068808018,6587526.92185077
19,Västmanlands län,1984,Arboga,1,220.1,539981.671514177,6593585.11507665
19,Västmanlands län,1984,Arboga,1,220.1,538137.843824995,6595185.24924536
19,Västmanlands län,1984,Arboga,1,220.1,540119.587980125,6599277.00298864
19,Västmanlands län,1984,Arboga,1,220.1,541940.557553381,6600633.67998003
19,Västmanlands län,1984,Arboga,1,220.1,546595.041345962,6593303.40067524
19,Västmanlands län,1984,Arboga,1,220.1,549455.967495755,6593073.16107607
19,Västmanlands län,1984,Arboga,1,220.1,551950.97152518,6586906.26501266
19,Västmanlands län,1984,Arboga,1,220.1,555599.149844495,6587132.4173964
19,Västmanlands län,1984,Arboga,1,220.1,556682.739432953,6582188.00232191
19,Västmanlands län,1984,Arboga,1,220.1,552671.709529707,6578573.49840565
19,Västmanlands län,1984,Arboga,1,220.1,548652.543437385,6573731.29640243
19,Västmanlands län,1984,Arboga,1,220.1,545335.513144606,6572082.64416298
19,Västmanlands län,1984,Arboga,1,220.1,543129.54111263,6575936.7531971
20,Dalarnas län,2021,Vansbro,1,221.1,466146.955463374,6680787.27052917
20,Dalarnas län,2021,Vansbro,1,221.1,452260.162418308,6678934.24500669
20,Dalarnas län,2021,Vansbro,1,221.1,446765.417752086,6678362.30984734
20,Dalarnas län,2021,Vansbro,1,221.1,445711.120606675,6681694.04569907
20,Dalarnas län,2021,Vansbro,1,221.1,441874.030678712,6681587.16757024
20,Dalarnas län,2021,Vansbro,1,221.1,439878.906060565,6700622.7598691
20,Dalarnas län,2021,Vansbro,1,221.1,440278.101882865,6715687.32435504
20,Dalarnas län,2021,Vansbro,1,221.1,445574.576976162,6718159.26642673
20,Dalarnas län,2021,Vansbro,1,221.1,446422.02245377,6726732.11860627
20,Dalarnas län,2021,Vansbro,1,221.1,465562.194948777,6728779.28492116
20,Dalarnas län,2021,Vansbro,1,221.1,467288.51778988,6723565.51446572
20,Dalarnas län,2021,Vansbro,1,221.1,475077.169639783,6715442.1925392
20,Dalarnas län,2021,Vansbro,1,221.1,479929.394184491,6694868.45162176
20,Dalarnas län,2021,Vansbro,1,221.1,478253.765501933,6688597.31351068
20,Dalarnas län,2021,Vansbro,1,221.1,479825.216961235,6683197.58306817
20,Dalarnas län,2021,Vansbro,1,221.1,473719.762737109,6678189.84961134
20,Dalarnas län,2021,Vansbro,1,221.1,466146.955463374,6680787.27052917
20,Dalarnas län,2023,Malung-Sälen,1,222.1,376106.689643642,6782134.83572072
20,Dalarnas län,2023,Malung-Sälen,1,222.1,380712.645952899,6785685.96558474
20,Dalarnas län,2023,Malung-Sälen,1,222.1,383425.277887466,6792252.31739788
20,Dalarnas län,2023,Malung-Sälen,1,222.1,385704.68753042,6804837.50295995
20,Dalarnas län,2023,Malung-Sälen,1,222.1,399762.10045922,6822785.073311
20,Dalarnas län,2023,Malung-Sälen,1,222.1,402211.775295168,6813671.54588698
20,Dalarnas län,2023,Malung-Sälen,1,222.1,412176.131910256,6795724.80734996
20,Dalarnas län,2023,Malung-Sälen,1,222.1,414892.918462259,6781548.64991158
20,Dalarnas län,2023,Malung-Sälen,1,222.1,420228.884217591,6774955.36451864
20,Dalarnas län,2023,Malung-Sälen,1,222.1,421444.647079383,6768116.33623511
20,Dalarnas län,2023,Malung-Sälen,1,222.1,424925.244720031,6752920.82218486
20,Dalarnas län,2023,Malung-Sälen,1,222.1,424500.435377554,6748937.32622726
20,Dalarnas län,2023,Malung-Sälen,1,222.1,440598.242160156,6748883.36369105
20,Dalarnas län,2023,Malung-Sälen,1,222.1,446971.053509734,6742584.34347858
20,Dalarnas län,2023,Malung-Sälen,1,222.1,442560.77259191,6735188.20395492
20,Dalarnas län,2023,Malung-Sälen,1,222.1,446422.02245377,6726732.11860627
20,Dalarnas län,2023,Malung-Sälen,1,222.1,445574.576976162,6718159.26642673
20,Dalarnas län,2023,Malung-Sälen,1,222.1,440278.101882865,6715687.32435504
20,Dalarnas län,2023,Malung-Sälen,1,222.1,439878.906060565,6700622.7598691
20,Dalarnas län,2023,Malung-Sälen,1,222.1,441874.030678712,6681587.16757024
20,Dalarnas län,2023,Malung-Sälen,1,222.1,442756.218324416,6672868.60564533
20,Dalarnas län,2023,Malung-Sälen,1,222.1,436269.00334026,6681864.51352146
20,Dalarnas län,2023,Malung-Sälen,1,222.1,427992.382477452,6698631.03273666
20,Dalarnas län,2023,Malung-Sälen,1,222.1,421141.331921281,6699205.8719649
20,Dalarnas län,2023,Malung-Sälen,1,222.1,417296.917840976,6702154.48053972
20,Dalarnas län,2023,Malung-Sälen,1,222.1,414228.266571553,6711131.86449196
20,Dalarnas län,2023,Malung-Sälen,1,222.1,407297.302928266,6723529.23939611
20,Dalarnas län,2023,Malung-Sälen,1,222.1,405011.835559626,6730412.03151701
20,Dalarnas län,2023,Malung-Sälen,1,222.1,402003.876869722,6730521.03893766
20,Dalarnas län,2023,Malung-Sälen,1,222.1,400601.174338564,6738118.30650924
20,Dalarnas län,2023,Malung-Sälen,1,222.1,375780.571469389,6765856.71316782
20,Dalarnas län,2023,Malung-Sälen,1,222.1,374569.773149447,6771486.0538628
20,Dalarnas län,2023,Malung-Sälen,1,222.1,376106.689643642,6782134.83572072
20,Dalarnas län,2026,Gagnef,1,223.1,511441.091571518,6720408.3991418
20,Dalarnas län,2026,Gagnef,1,223.1,516910.516569256,6721201.22940413
20,Dalarnas län,2026,Gagnef,1,223.1,512992.638306609,6714205.55267642
20,Dalarnas län,2026,Gagnef,1,223.1,514068.672065729,6711072.79991379
20,Dalarnas län,2026,Gagnef,1,223.1,508723.58594675,6704374.60052538
20,Dalarnas län,2026,Gagnef,1,223.1,504622.798956375,6701779.27641394
20,Dalarnas län,2026,Gagnef,1,223.1,504922.620060462,6697048.60802087
20,Dalarnas län,2026,Gagnef,1,223.1,500395.76223198,6692346.85032211
20,Dalarnas län,2026,Gagnef,1,223.1,489642.034888435,6693458.85312834
20,Dalarnas län,2026,Gagnef,1,223.1,485471.438375756,6686440.41003702
20,Dalarnas län,2026,Gagnef,1,223.1,483339.95919789,6683437.46729261
20,Dalarnas län,2026,Gagnef,1,223.1,479825.216961235,6683197.58306817
20,Dalarnas län,2026,Gagnef,1,223.1,478253.765501933,6688597.31351068
20,Dalarnas län,2026,Gagnef,1,223.1,479929.394184491,6694868.45162176
20,Dalarnas län,2026,Gagnef,1,223.1,475077.169639783,6715442.1925392
20,Dalarnas län,2026,Gagnef,1,223.1,485702.401335634,6715015.64785529
20,Dalarnas län,2026,Gagnef,1,223.1,495046.536255914,6712035.29436821
20,Dalarnas län,2026,Gagnef,1,223.1,504578.389974852,6722126.61524125
20,Dalarnas län,2026,Gagnef,1,223.1,511441.091571518,6720408.3991418
20,Dalarnas län,2029,Leksand,1,224.1,511441.091571518,6720408.3991418
20,Dalarnas län,2029,Leksand,1,224.1,504578.389974852,6722126.61524125
20,Dalarnas län,2029,Leksand,1,224.1,495046.536255914,6712035.29436821
20,Dalarnas län,2029,Leksand,1,224.1,485702.401335634,6715015.64785529
20,Dalarnas län,2029,Leksand,1,224.1,475077.169639783,6715442.1925392
20,Dalarnas län,2029,Leksand,1,224.1,467288.51778988,6723565.51446572
20,Dalarnas län,2029,Leksand,1,224.1,465562.194948777,6728779.28492116
20,Dalarnas län,2029,Leksand,1,224.1,468942.328093292,6729638.45181807
20,Dalarnas län,2029,Leksand,1,224.1,471705.987640421,6734790.40091383
20,Dalarnas län,2029,Leksand,1,224.1,476100.138856016,6736350.78439496
20,Dalarnas län,2029,Leksand,1,224.1,482126.538101281,6743783.04648983
20,Dalarnas län,2029,Leksand,1,224.1,485577.52792317,6738390.46824622
20,Dalarnas län,2029,Leksand,1,224.1,494955.249804151,6743260.94105517
20,Dalarnas län,2029,Leksand,1,224.1,498130.187070936,6735279.81424179
20,Dalarnas län,2029,Leksand,1,224.1,499043.598902054,6743845.98445763
20,Dalarnas län,2029,Leksand,1,224.1,503118.935264318,6745572.48010928
20,Dalarnas län,2029,Leksand,1,224.1,512185.735481601,6742487.00037428
20,Dalarnas län,2029,Leksand,1,224.1,518270.004117112,6746690.38047063
20,Dalarnas län,2029,Leksand,1,224.1,524811.347999874,6747625.5062525
20,Dalarnas län,2029,Leksand,1,224.1,530476.741715764,6751671.87076092
20,Dalarnas län,2029,Leksand,1,224.1,533332.586494063,6749496.69192517
20,Dalarnas län,2029,Leksand,1,224.1,535366.374668833,6746533.63413603
20,Dalarnas län,2029,Leksand,1,224.1,526499.643664949,6740804.48067965
20,Dalarnas län,2029,Leksand,1,224.1,519936.730092066,6739671.2054444
20,Dalarnas län,2029,Leksand,1,224.1,518643.160217417,6736985.20888539
20,Dalarnas län,2029,Leksand,1,224.1,514321.716023625,6734209.05694143
20,Dalarnas län,2029,Leksand,1,224.1,516955.466025545,6728700.261771
20,Dalarnas län,2029,Leksand,1,224.1,520418.564810266,6730960.02397493
20,Dalarnas län,2029,Leksand,1,224.1,522779.236292588,6726687.4203361
20,Dalarnas län,2029,Leksand,1,224.1,516910.516569256,6721201.22940413
20,Dalarnas län,2029,Leksand,1,224.1,511441.091571518,6720408.3991418
20,Dalarnas län,2031,Rättvik,1,225.1,502770.217851206,6801464.62127668
20,Dalarnas län,2031,Rättvik,1,225.1,503691.382472162,6817683.34910907
20,Dalarnas län,2031,Rättvik,1,225.1,508436.272773653,6830082.79284027
20,Dalarnas län,2031,Rättvik,1,225.1,512248.186343685,6819886.45981283
20,Dalarnas län,2031,Rättvik,1,225.1,535139.578513982,6787847.80380128
20,Dalarnas län,2031,Rättvik,1,225.1,536666.267830268,6777617.84641149
20,Dalarnas län,2031,Rättvik,1,225.1,540924.198599447,6769725.78217056
20,Dalarnas län,2031,Rättvik,1,225.1,537196.859629419,6767493.56503469
20,Dalarnas län,2031,Rättvik,1,225.1,536433.414291647,6760321.41390038
20,Dalarnas län,2031,Rättvik,1,225.1,533332.586494063,6749496.69192517
20,Dalarnas län,2031,Rättvik,1,225.1,530476.741715764,6751671.87076092
20,Dalarnas län,2031,Rättvik,1,225.1,524811.347999874,6747625.5062525
20,Dalarnas län,2031,Rättvik,1,225.1,518270.004117112,6746690.38047063
20,Dalarnas län,2031,Rättvik,1,225.1,512185.735481601,6742487.00037428
20,Dalarnas län,2031,Rättvik,1,225.1,503118.935264318,6745572.48010928
20,Dalarnas län,2031,Rättvik,1,225.1,506493.224156668,6749519.60065585
20,Dalarnas län,2031,Rättvik,1,225.1,501989.846856965,6752605.12802809
20,Dalarnas län,2031,Rättvik,1,225.1,499083.354461752,6749883.33728658
20,Dalarnas län,2031,Rättvik,1,225.1,493760.359170312,6758489.75782477
20,Dalarnas län,2031,Rättvik,1,225.1,495918.056071986,6765517.81049691
20,Dalarnas län,2031,Rättvik,1,225.1,501799.190526693,6769071.99229694
20,Dalarnas län,2031,Rättvik,1,225.1,503253.482138963,6772009.88117939
20,Dalarnas län,2031,Rättvik,1,225.1,503379.181734211,6778845.03588832
20,Dalarnas län,2031,Rättvik,1,225.1,500388.855804708,6784794.06930168
20,Dalarnas län,2031,Rättvik,1,225.1,502770.217851206,6801464.62127668
20,Dalarnas län,2034,Orsa,1,226.1,483230.749374705,6769246.15678647
20,Dalarnas län,2034,Orsa,1,226.1,476211.052155637,6771382.86045035
20,Dalarnas län,2034,Orsa,1,226.1,475032.466092373,6782983.93602031
20,Dalarnas län,2034,Orsa,1,226.1,466897.656512474,6797318.02366559
20,Dalarnas län,2034,Orsa,1,226.1,466124.515392289,6807065.69518206
20,Dalarnas län,2034,Orsa,1,226.1,462979.015160765,6813432.31963326
20,Dalarnas län,2034,Orsa,1,226.1,464857.605940853,6823508.63517794
20,Dalarnas län,2034,Orsa,1,226.1,468932.658832393,6828223.26543993
20,Dalarnas län,2034,Orsa,1,226.1,473532.66699484,6833086.38534357
20,Dalarnas län,2034,Orsa,1,226.1,481834.135690592,6829810.44153842
20,Dalarnas län,2034,Orsa,1,226.1,483209.684193132,6823828.68355259
20,Dalarnas län,2034,Orsa,1,226.1,481243.196044593,6818594.29097379
20,Dalarnas län,2034,Orsa,1,226.1,486611.659036721,6819851.24601
20,Dalarnas län,2034,Orsa,1,226.1,489491.755717127,6818546.36348782
20,Dalarnas län,2034,Orsa,1,226.1,495592.407389799,6819124.64094546
20,Dalarnas län,2034,Orsa,1,226.1,503691.382472162,6817683.34910907
20,Dalarnas län,2034,Orsa,1,226.1,502770.217851206,6801464.62127668
20,Dalarnas län,2034,Orsa,1,226.1,500388.855804708,6784794.06930168
20,Dalarnas län,2034,Orsa,1,226.1,503379.181734211,6778845.03588832
20,Dalarnas län,2034,Orsa,1,226.1,503253.482138963,6772009.88117939
20,Dalarnas län,2034,Orsa,1,226.1,501799.190526693,6769071.99229694
20,Dalarnas län,2034,Orsa,1,226.1,483230.749374705,6769246.15678647
20,Dalarnas län,2039,Älvdalen,1,227.1,441207.580724229,6835821.77682943
20,Dalarnas län,2039,Älvdalen,1,227.1,446103.320515656,6833905.22984989
20,Dalarnas län,2039,Älvdalen,1,227.1,450115.121831862,6826846.79036153
20,Dalarnas län,2039,Älvdalen,1,227.1,451409.310309723,6814426.81741329
20,Dalarnas län,2039,Älvdalen,1,227.1,456915.57190746,6794322.9302083
20,Dalarnas län,2039,Älvdalen,1,227.1,456457.234380104,6788127.74211864
20,Dalarnas län,2039,Älvdalen,1,227.1,464561.951230979,6775405.73892073
20,Dalarnas län,2039,Älvdalen,1,227.1,459080.527643369,6774966.33700866
20,Dalarnas län,2039,Älvdalen,1,227.1,454285.629713793,6779087.56922863
20,Dalarnas län,2039,Älvdalen,1,227.1,449337.197738161,6777986.99305466
20,Dalarnas län,2039,Älvdalen,1,227.1,442870.881173419,6770197.48061483
20,Dalarnas län,2039,Älvdalen,1,227.1,433071.468059465,6770807.4626046
20,Dalarnas län,2039,Älvdalen,1,227.1,421444.647079383,6768116.33623511
20,Dalarnas län,2039,Älvdalen,1,227.1,420228.884217591,6774955.36451864
20,Dalarnas län,2039,Älvdalen,1,227.1,414892.918462259,6781548.64991158
20,Dalarnas län,2039,Älvdalen,1,227.1,412176.131910256,6795724.80734996
20,Dalarnas län,2039,Älvdalen,1,227.1,402211.775295168,6813671.54588698
20,Dalarnas län,2039,Älvdalen,1,227.1,399762.10045922,6822785.073311
20,Dalarnas län,2039,Älvdalen,1,227.1,385704.68753042,6804837.50295995
20,Dalarnas län,2039,Älvdalen,1,227.1,371651.993090109,6829112.94091733
20,Dalarnas län,2039,Älvdalen,1,227.1,363760.717933996,6828721.36950281
20,Dalarnas län,2039,Älvdalen,1,227.1,349991.742678696,6846857.54767146
20,Dalarnas län,2039,Älvdalen,1,227.1,359939.029154272,6906241.55928434
20,Dalarnas län,2039,Älvdalen,1,227.1,376102.678113892,6901148.54955669
20,Dalarnas län,2039,Älvdalen,1,227.1,385431.214740792,6901795.50936287
20,Dalarnas län,2039,Älvdalen,1,227.1,392660.545898206,6892189.03570492
20,Dalarnas län,2039,Älvdalen,1,227.1,397557.81181259,6885240.19066029
20,Dalarnas län,2039,Älvdalen,1,227.1,403690.097308762,6878564.51793923
20,Dalarnas län,2039,Älvdalen,1,227.1,410926.044777218,6882247.89189651
20,Dalarnas län,2039,Älvdalen,1,227.1,412209.247037654,6877282.05204335
20,Dalarnas län,2039,Älvdalen,1,227.1,414732.898314345,6876416.82167641
20,Dalarnas län,2039,Älvdalen,1,227.1,406014.224401181,6868256.04958597
20,Dalarnas län,2039,Älvdalen,1,227.1,416573.189724325,6855886.68675283
20,Dalarnas län,2039,Älvdalen,1,227.1,421527.319645494,6845709.59006263
20,Dalarnas län,2039,Älvdalen,1,227.1,420997.318784596,6840729.18124229
20,Dalarnas län,2039,Älvdalen,1,227.1,423979.283370104,6836593.93858401
20,Dalarnas län,2039,Älvdalen,1,227.1,426580.536774719,6838339.42781981
20,Dalarnas län,2039,Älvdalen,1,227.1,441207.580724229,6835821.77682943
20,Dalarnas län,2061,Smedjebacken,1,228.1,539736.799987072,6666725.25756776
20,Dalarnas län,2061,Smedjebacken,1,228.1,539950.260962512,6663076.99999952
20,Dalarnas län,2061,Smedjebacken,1,228.1,536902.550644035,6657148.67184089
20,Dalarnas län,2061,Smedjebacken,1,228.1,539549.365765688,6653652.05851866
20,Dalarnas län,2061,Smedjebacken,1,228.1,537873.251111878,6645500.17968104
20,Dalarnas län,2061,Smedjebacken,1,228.1,534005.497558056,6646975.58111995
20,Dalarnas län,2061,Smedjebacken,1,228.1,529602.819210988,6647229.85145963
20,Dalarnas län,2061,Smedjebacken,1,228.1,526931.852230742,6641060.31199021
20,Dalarnas län,2061,Smedjebacken,1,228.1,522499.752105387,6636015.00547737
20,Dalarnas län,2061,Smedjebacken,1,228.1,518141.045053022,6643582.39393227
20,Dalarnas län,2061,Smedjebacken,1,228.1,512096.392018924,6650451.38754916
20,Dalarnas län,2061,Smedjebacken,1,228.1,506927.362676373,6654209.05883767
20,Dalarnas län,2061,Smedjebacken,1,228.1,512416.983551326,6663510.8187111
20,Dalarnas län,2061,Smedjebacken,1,228.1,512243.64289573,6667557.32315214
20,Dalarnas län,2061,Smedjebacken,1,228.1,513969.752710504,6672412.73823094
20,Dalarnas län,2061,Smedjebacken,1,228.1,513217.068899752,6682963.94722988
20,Dalarnas län,2061,Smedjebacken,1,228.1,525628.629687913,6681679.11377038
20,Dalarnas län,2061,Smedjebacken,1,228.1,528403.856019549,6679377.7875647
20,Dalarnas län,2061,Smedjebacken,1,228.1,535841.220759326,6676124.72207519
20,Dalarnas län,2061,Smedjebacken,1,228.1,543213.871141075,6671954.08696783
20,Dalarnas län,2061,Smedjebacken,1,228.1,541918.754280059,6668311.39712325
20,Dalarnas län,2061,Smedjebacken,1,228.1,539736.799987072,6666725.25756776
20,Dalarnas län,2062,Mora,1,229.1,483230.749374705,6769246.15678647
20,Dalarnas län,2062,Mora,1,229.1,501799.190526693,6769071.99229694
20,Dalarnas län,2062,Mora,1,229.1,495918.056071986,6765517.81049691
20,Dalarnas län,2062,Mora,1,229.1,493760.359170312,6758489.75782477
20,Dalarnas län,2062,Mora,1,229.1,499083.354461752,6749883.33728658
20,Dalarnas län,2062,Mora,1,229.1,494981.750498042,6747286.82470734
20,Dalarnas län,2062,Mora,1,229.1,486253.19336134,6756044.26248163
20,Dalarnas län,2062,Mora,1,229.1,483024.226084179,6755976.54825591
20,Dalarnas län,2062,Mora,1,229.1,478483.772596105,6762487.22139664
20,Dalarnas län,2062,Mora,1,229.1,475775.553235952,6759745.91197577
20,Dalarnas län,2062,Mora,1,229.1,476545.808516467,6755638.94743335
20,Dalarnas län,2062,Mora,1,229.1,480527.373973951,6755227.1000927
20,Dalarnas län,2062,Mora,1,229.1,483239.027072035,6752328.54509697
20,Dalarnas län,2062,Mora,1,229.1,480679.552022185,6750981.55896807
20,Dalarnas län,2062,Mora,1,229.1,476455.728883949,6751015.59541065
20,Dalarnas län,2062,Mora,1,229.1,482126.538101281,6743783.04648983
20,Dalarnas län,2062,Mora,1,229.1,476100.138856016,6736350.78439496
20,Dalarnas län,2062,Mora,1,229.1,471705.987640421,6734790.40091383
20,Dalarnas län,2062,Mora,1,229.1,468942.328093292,6729638.45181807
20,Dalarnas län,2062,Mora,1,229.1,465562.194948777,6728779.28492116
20,Dalarnas län,2062,Mora,1,229.1,446422.02245377,6726732.11860627
20,Dalarnas län,2062,Mora,1,229.1,442560.77259191,6735188.20395492
20,Dalarnas län,2062,Mora,1,229.1,446971.053509734,6742584.34347858
20,Dalarnas län,2062,Mora,1,229.1,440598.242160156,6748883.36369105
20,Dalarnas län,2062,Mora,1,229.1,424500.435377554,6748937.32622726
20,Dalarnas län,2062,Mora,1,229.1,424925.244720031,6752920.82218486
20,Dalarnas län,2062,Mora,1,229.1,421444.647079383,6768116.33623511
20,Dalarnas län,2062,Mora,1,229.1,433071.468059465,6770807.4626046
20,Dalarnas län,2062,Mora,1,229.1,442870.881173419,6770197.48061483
20,Dalarnas län,2062,Mora,1,229.1,449337.197738161,6777986.99305466
20,Dalarnas län,2062,Mora,1,229.1,454285.629713793,6779087.56922863
20,Dalarnas län,2062,Mora,1,229.1,459080.527643369,6774966.33700866
20,Dalarnas län,2062,Mora,1,229.1,464561.951230979,6775405.73892073
20,Dalarnas län,2062,Mora,1,229.1,456457.234380104,6788127.74211864
20,Dalarnas län,2062,Mora,1,229.1,456915.57190746,6794322.9302083
20,Dalarnas län,2062,Mora,1,229.1,451409.310309723,6814426.81741329
20,Dalarnas län,2062,Mora,1,229.1,450115.121831862,6826846.79036153
20,Dalarnas län,2062,Mora,1,229.1,446103.320515656,6833905.22984989
20,Dalarnas län,2062,Mora,1,229.1,457670.490760729,6833516.69663686
20,Dalarnas län,2062,Mora,1,229.1,465884.258483915,6831257.34268645
20,Dalarnas län,2062,Mora,1,229.1,468932.658832393,6828223.26543993
20,Dalarnas län,2062,Mora,1,229.1,464857.605940853,6823508.63517794
20,Dalarnas län,2062,Mora,1,229.1,462979.015160765,6813432.31963326
20,Dalarnas län,2062,Mora,1,229.1,466124.515392289,6807065.69518206
20,Dalarnas län,2062,Mora,1,229.1,466897.656512474,6797318.02366559
20,Dalarnas län,2062,Mora,1,229.1,475032.466092373,6782983.93602031
20,Dalarnas län,2062,Mora,1,229.1,476211.052155637,6771382.86045035
20,Dalarnas län,2062,Mora,1,229.1,483230.749374705,6769246.15678647
01,Stockholms län,0188,Norrtälje,1,23.1,694810.436415024,6607277.82477624
01,Stockholms län,0188,Norrtälje,1,23.1,694743.006575315,6608137.87904466
01,Stockholms län,0188,Norrtälje,1,23.1,694089.181432973,6608212.93511983
01,Stockholms län,0188,Norrtälje,1,23.1,693648.328571394,6609935.33534519
01,Stockholms län,0188,Norrtälje,1,23.1,692919.616152883,6611319.28623462
01,Stockholms län,0188,Norrtälje,1,23.1,691481.53237537,6611919.73271341
01,Stockholms län,0188,Norrtälje,1,23.1,691090.28879877494,6613754.71204787
01,Stockholms län,0188,Norrtälje,1,23.1,690503.105024841,6614353.49228304
01,Stockholms län,0188,Norrtälje,1,23.1,690898.409785712,6617120.89173926
01,Stockholms län,0188,Norrtälje,1,23.1,690720.886855559,6617906.61755598
01,Stockholms län,0188,Norrtälje,1,23.1,688728.78211046,6618844.26708404
01,Stockholms län,0188,Norrtälje,1,23.1,687265.875180771,6620828.18939869
01,Stockholms län,0188,Norrtälje,1,23.1,685666.264630052,6620157.84580928
01,Stockholms län,0188,Norrtälje,1,23.1,685264.583041299,6620794.86092831
01,Stockholms län,0188,Norrtälje,1,23.1,682688.116489051,6618479.89620305
01,Stockholms län,0188,Norrtälje,1,23.1,680024.385297083,6618821.45493185
01,Stockholms län,0188,Norrtälje,1,23.1,679426.922106856,6618373.26500251
01,Stockholms län,0188,Norrtälje,1,23.1,678722.475978627,6618336.70544528
01,Stockholms län,0188,Norrtälje,1,23.1,678582.394137617,6619085.88817548
01,Stockholms län,0188,Norrtälje,1,23.1,678143.899502259,6619872.43036362
01,Stockholms län,0188,Norrtälje,1,23.1,677144.442229353,6619923.27699901
01,Stockholms län,0188,Norrtälje,1,23.1,676782.199458781,6620770.72995009
01,Stockholms län,0188,Norrtälje,1,23.1,675496.272256608,6621932.90792007
01,Stockholms län,0188,Norrtälje,1,23.1,675766.047820806,6623017.01537958
01,Stockholms län,0188,Norrtälje,1,23.1,676180.439571063,6623801.92477998
01,Stockholms län,0188,Norrtälje,1,23.1,675850.481520584,6624213.85096871
01,Stockholms län,0188,Norrtälje,1,23.1,674920.706343357,6623878.59989372
01,Stockholms län,0188,Norrtälje,1,23.1,674186.52978761,6624478.56512179
01,Stockholms län,0188,Norrtälje,1,23.1,673626.287350391,6626068.49689119
01,Stockholms län,0188,Norrtälje,1,23.1,676065.611353507,6634883.74596153
01,Stockholms län,0188,Norrtälje,1,23.1,684791.552075489,6637404.5884778
01,Stockholms län,0188,Norrtälje,1,23.1,688866.629583575,6641617.58454491
01,Stockholms län,0188,Norrtälje,1,23.1,689778.307990771,6655825.60731235
01,Stockholms län,0188,Norrtälje,1,23.1,691897.934912576,6656814.3104877
01,Stockholms län,0188,Norrtälje,1,23.1,688308.104796283,6661269.86164005
01,Stockholms län,0188,Norrtälje,1,23.1,692734.126569701,6662771.66169701
01,Stockholms län,0188,Norrtälje,1,23.1,693926.59632467,6668289.42842044
01,Stockholms län,0188,Norrtälje,1,23.1,694854.737635815,6673833.96805949
01,Stockholms län,0188,Norrtälje,1,23.1,700433.407967165,6672651.28899209
01,Stockholms län,0188,Norrtälje,1,23.1,704153.984308722,6671662.8725777
01,Stockholms län,0188,Norrtälje,1,23.1,705753.037642518,6675324.93051783
01,Stockholms län,0188,Norrtälje,1,23.1,706149.548533408,6680924.04701616
01,Stockholms län,0188,Norrtälje,1,23.1,710723.547881093,6676622.50130866
01,Stockholms län,0188,Norrtälje,1,23.1,710157.504497986,6669428.48026789
01,Stockholms län,0188,Norrtälje,1,23.1,712399.272237525,6667787.0677657
01,Stockholms län,0188,Norrtälje,1,23.1,715184.013014538,6658031.24058622
01,Stockholms län,0188,Norrtälje,1,23.1,719462.029250321,6650938.2455628
01,Stockholms län,0188,Norrtälje,1,23.1,724895.573124833,6647152.9073639
01,Stockholms län,0188,Norrtälje,1,23.1,728602.774335871,6644150.4062041
01,Stockholms län,0188,Norrtälje,1,23.1,726549.481085219,6638118.02050312
01,Stockholms län,0188,Norrtälje,1,23.1,722523.732717243,6638132.99453704
01,Stockholms län,0188,Norrtälje,1,23.1,722809.948028342,6633267.00859237
01,Stockholms län,0188,Norrtälje,1,23.1,728479.745505331,6631673.19377986
01,Stockholms län,0188,Norrtälje,1,23.1,729163.376743119,6626767.02790012
01,Stockholms län,0188,Norrtälje,1,23.1,725899.472909305,6624485.55759308
01,Stockholms län,0188,Norrtälje,1,23.1,717094.246419572,6624995.38636927
01,Stockholms län,0188,Norrtälje,1,23.1,710650.810483037,6621230.47544696
01,Stockholms län,0188,Norrtälje,1,23.1,710012.550064744,6615253.45167189
01,Stockholms län,0188,Norrtälje,1,23.1,707079.056543477,6610056.45693567
01,Stockholms län,0188,Norrtälje,1,23.1,705882.309452697,6611035.79973152
01,Stockholms län,0188,Norrtälje,1,23.1,704836.32364586,6610140.20285597
01,Stockholms län,0188,Norrtälje,1,23.1,704355.46001109,6610216.35887216
01,Stockholms län,0188,Norrtälje,1,23.1,703953.240122096,6610815.38682516
01,Stockholms län,0188,Norrtälje,1,23.1,703659.001019747,6611002.79435608
01,Stockholms län,0188,Norrtälje,1,23.1,702878.078344579,6610593.35711951
01,Stockholms län,0188,Norrtälje,1,23.1,702366.602596004,6611379.03814702
01,Stockholms län,0188,Norrtälje,1,23.1,701735.674170947,6611379.3739683
01,Stockholms län,0188,Norrtälje,1,23.1,700993.310652781,6611006.40397386
01,Stockholms län,0188,Norrtälje,1,23.1,700477.905235261,6611457.09158456
01,Stockholms län,0188,Norrtälje,1,23.1,698843.001750888,6610973.29593977
01,Stockholms län,0188,Norrtälje,1,23.1,697141.471090528,6611200.58587785
01,Stockholms län,0188,Norrtälje,1,23.1,696761.149114514,6610079.12488639
01,Stockholms län,0188,Norrtälje,1,23.1,696979.01960056,6609592.83646968
01,Stockholms län,0188,Norrtälje,1,23.1,696974.476958775,6609143.84471654
01,Stockholms län,0188,Norrtälje,1,23.1,696442.707404794,6607648.59533044
01,Stockholms län,0188,Norrtälje,1,23.1,695585.617539244,6607089.25763108
01,Stockholms län,0188,Norrtälje,1,23.1,694810.436415024,6607277.82477624
01,Stockholms län,0188,Norrtälje,2,23.2,723858.523101928,6618167.41665819
01,Stockholms län,0188,Norrtälje,2,23.2,723886.373623291,6615875.99656402
01,Stockholms län,0188,Norrtälje,2,23.2,720726.836610674,6615537.6368478
01,Stockholms län,0188,Norrtälje,2,23.2,720408.789672699,6612746.08477675
01,Stockholms län,0188,Norrtälje,2,23.2,717680.69136007,6613108.88895037
01,Stockholms län,0188,Norrtälje,2,23.2,713065.503758168,6609465.24998438
01,Stockholms län,0188,Norrtälje,2,23.2,711998.905429991,6610348.18417693
01,Stockholms län,0188,Norrtälje,2,23.2,714867.865000277,6612874.74102462
01,Stockholms län,0188,Norrtälje,2,23.2,717363.453292164,6617492.53469867
01,Stockholms län,0188,Norrtälje,2,23.2,720678.376374689,6619524.60422412
01,Stockholms län,0188,Norrtälje,2,23.2,723858.523101928,6618167.41665819
20,Dalarnas län,2080,Falun,1,230.1,571212.878243982,6731546.51696227
20,Dalarnas län,2080,Falun,1,230.1,572224.389923706,6727816.96734186
20,Dalarnas län,2080,Falun,1,230.1,567934.938548109,6720942.25483609
20,Dalarnas län,2080,Falun,1,230.1,562812.248147352,6719323.87515278
20,Dalarnas län,2080,Falun,1,230.1,553518.62760157,6716659.67759561
20,Dalarnas län,2080,Falun,1,230.1,543227.426543529,6703221.61983852
20,Dalarnas län,2080,Falun,1,230.1,538107.971791011,6702409.16683917
20,Dalarnas län,2080,Falun,1,230.1,534705.258393554,6710146.04387013
20,Dalarnas län,2080,Falun,1,230.1,531113.617491583,6712331.32473332
20,Dalarnas län,2080,Falun,1,230.1,529066.294388524,6710126.93447626
20,Dalarnas län,2080,Falun,1,230.1,519507.181224985,6716754.56508186
20,Dalarnas län,2080,Falun,1,230.1,516910.516569256,6721201.22940413
20,Dalarnas län,2080,Falun,1,230.1,522779.236292588,6726687.4203361
20,Dalarnas län,2080,Falun,1,230.1,520418.564810266,6730960.02397493
20,Dalarnas län,2080,Falun,1,230.1,516955.466025545,6728700.261771
20,Dalarnas län,2080,Falun,1,230.1,514321.716023625,6734209.05694143
20,Dalarnas län,2080,Falun,1,230.1,518643.160217417,6736985.20888539
20,Dalarnas län,2080,Falun,1,230.1,519936.730092066,6739671.2054444
20,Dalarnas län,2080,Falun,1,230.1,526499.643664949,6740804.48067965
20,Dalarnas län,2080,Falun,1,230.1,535366.374668833,6746533.63413603
20,Dalarnas län,2080,Falun,1,230.1,533332.586494063,6749496.69192517
20,Dalarnas län,2080,Falun,1,230.1,536433.414291647,6760321.41390038
20,Dalarnas län,2080,Falun,1,230.1,537196.859629419,6767493.56503469
20,Dalarnas län,2080,Falun,1,230.1,540924.198599447,6769725.78217056
20,Dalarnas län,2080,Falun,1,230.1,550500.582621173,6764505.32659731
20,Dalarnas län,2080,Falun,1,230.1,561791.824363278,6763404.68729467
20,Dalarnas län,2080,Falun,1,230.1,567328.742481488,6749874.66701324
20,Dalarnas län,2080,Falun,1,230.1,576270.229350155,6739953.33114146
20,Dalarnas län,2080,Falun,1,230.1,574959.544030608,6734584.69574584
20,Dalarnas län,2080,Falun,1,230.1,571212.878243982,6731546.51696227
20,Dalarnas län,2081,Borlänge,1,231.1,511082.546045984,6685601.94136044
20,Dalarnas län,2081,Borlänge,1,231.1,508197.790589263,6688115.78927403
20,Dalarnas län,2081,Borlänge,1,231.1,504922.620060462,6697048.60802087
20,Dalarnas län,2081,Borlänge,1,231.1,504622.798956375,6701779.27641394
20,Dalarnas län,2081,Borlänge,1,231.1,508723.58594675,6704374.60052538
20,Dalarnas län,2081,Borlänge,1,231.1,514068.672065729,6711072.79991379
20,Dalarnas län,2081,Borlänge,1,231.1,512992.638306609,6714205.55267642
20,Dalarnas län,2081,Borlänge,1,231.1,516910.516569256,6721201.22940413
20,Dalarnas län,2081,Borlänge,1,231.1,519507.181224985,6716754.56508186
20,Dalarnas län,2081,Borlänge,1,231.1,529066.294388524,6710126.93447626
20,Dalarnas län,2081,Borlänge,1,231.1,531113.617491583,6712331.32473332
20,Dalarnas län,2081,Borlänge,1,231.1,534705.258393554,6710146.04387013
20,Dalarnas län,2081,Borlänge,1,231.1,538107.971791011,6702409.16683917
20,Dalarnas län,2081,Borlänge,1,231.1,530236.845693985,6700337.43507445
20,Dalarnas län,2081,Borlänge,1,231.1,530438.082824974,6694676.72766063
20,Dalarnas län,2081,Borlänge,1,231.1,527166.854670243,6694209.83663644
20,Dalarnas län,2081,Borlänge,1,231.1,521616.195187065,6689345.5179156
20,Dalarnas län,2081,Borlänge,1,231.1,518287.510871741,6686467.76962674
20,Dalarnas län,2081,Borlänge,1,231.1,511082.546045984,6685601.94136044
20,Dalarnas län,2082,Säter,1,232.1,511082.546045984,6685601.94136044
20,Dalarnas län,2082,Säter,1,232.1,518287.510871741,6686467.76962674
20,Dalarnas län,2082,Säter,1,232.1,521616.195187065,6689345.5179156
20,Dalarnas län,2082,Säter,1,232.1,527166.854670243,6694209.83663644
20,Dalarnas län,2082,Säter,1,232.1,530438.082824974,6694676.72766063
20,Dalarnas län,2082,Säter,1,232.1,530236.845693985,6700337.43507445
20,Dalarnas län,2082,Säter,1,232.1,538107.971791011,6702409.16683917
20,Dalarnas län,2082,Säter,1,232.1,543227.426543529,6703221.61983852
20,Dalarnas län,2082,Säter,1,232.1,553518.62760157,6716659.67759561
20,Dalarnas län,2082,Säter,1,232.1,562812.248147352,6719323.87515278
20,Dalarnas län,2082,Säter,1,232.1,553089.509581028,6708848.73906992
20,Dalarnas län,2082,Säter,1,232.1,550234.103314015,6699072.68194393
20,Dalarnas län,2082,Säter,1,232.1,552745.588936374,6696194.28929612
20,Dalarnas län,2082,Säter,1,232.1,545977.066554227,6691255.94179739
20,Dalarnas län,2082,Säter,1,232.1,542517.746627738,6683356.06586732
20,Dalarnas län,2082,Säter,1,232.1,541296.819012864,6679454.34697637
20,Dalarnas län,2082,Säter,1,232.1,535841.220759326,6676124.72207519
20,Dalarnas län,2082,Säter,1,232.1,528403.856019549,6679377.7875647
20,Dalarnas län,2082,Säter,1,232.1,525628.629687913,6681679.11377038
20,Dalarnas län,2082,Säter,1,232.1,513217.068899752,6682963.94722988
20,Dalarnas län,2082,Säter,1,232.1,511082.546045984,6685601.94136044
20,Dalarnas län,2083,Hedemora,1,233.1,571501.899836165,6705936.16327674
20,Dalarnas län,2083,Hedemora,1,233.1,577351.599344251,6694722.86884359
20,Dalarnas län,2083,Hedemora,1,233.1,573883.02318038,6692396.062349
20,Dalarnas län,2083,Hedemora,1,233.1,572134.353017659,6687340.06360779
20,Dalarnas län,2083,Hedemora,1,233.1,573828.517307412,6684344.60921254
20,Dalarnas län,2083,Hedemora,1,233.1,569598.045054377,6680552.94195213
20,Dalarnas län,2083,Hedemora,1,233.1,566399.50901228,6678870.32148562
20,Dalarnas län,2083,Hedemora,1,233.1,563497.820073583,6679976.54028837
20,Dalarnas län,2083,Hedemora,1,233.1,560091.944767028,6680127.86460292
20,Dalarnas län,2083,Hedemora,1,233.1,559246.825016033,6675984.74629766
20,Dalarnas län,2083,Hedemora,1,233.1,556522.735388607,6673110.30446694
20,Dalarnas län,2083,Hedemora,1,233.1,553593.328755477,6673951.26683157
20,Dalarnas län,2083,Hedemora,1,233.1,549605.217982207,6670537.57922973
20,Dalarnas län,2083,Hedemora,1,233.1,543213.871141075,6671954.08696783
20,Dalarnas län,2083,Hedemora,1,233.1,535841.220759326,6676124.72207519
20,Dalarnas län,2083,Hedemora,1,233.1,541296.819012864,6679454.34697637
20,Dalarnas län,2083,Hedemora,1,233.1,542517.746627738,6683356.06586732
20,Dalarnas län,2083,Hedemora,1,233.1,545977.066554227,6691255.94179739
20,Dalarnas län,2083,Hedemora,1,233.1,552745.588936374,6696194.28929612
20,Dalarnas län,2083,Hedemora,1,233.1,550234.103314015,6699072.68194393
20,Dalarnas län,2083,Hedemora,1,233.1,553089.509581028,6708848.73906992
20,Dalarnas län,2083,Hedemora,1,233.1,562812.248147352,6719323.87515278
20,Dalarnas län,2083,Hedemora,1,233.1,567702.712492574,6709955.49723652
20,Dalarnas län,2083,Hedemora,1,233.1,570028.423884796,6709110.23009042
20,Dalarnas län,2083,Hedemora,1,233.1,571501.899836165,6705936.16327674
20,Dalarnas län,2084,Avesta,1,234.1,578927.118750391,6666092.85871437
20,Dalarnas län,2084,Avesta,1,234.1,576645.410565725,6661695.20698731
20,Dalarnas län,2084,Avesta,1,234.1,566315.081902289,6660481.49308496
20,Dalarnas län,2084,Avesta,1,234.1,564151.308317188,6661578.77548952
20,Dalarnas län,2084,Avesta,1,234.1,565038.628755524,6666120.31802053
20,Dalarnas län,2084,Avesta,1,234.1,561446.98590775,6668304.84418266
20,Dalarnas län,2084,Avesta,1,234.1,558459.079982301,6668614.27199234
20,Dalarnas län,2084,Avesta,1,234.1,556522.735388607,6673110.30446694
20,Dalarnas län,2084,Avesta,1,234.1,559246.825016033,6675984.74629766
20,Dalarnas län,2084,Avesta,1,234.1,560091.944767028,6680127.86460292
20,Dalarnas län,2084,Avesta,1,234.1,563497.820073583,6679976.54028837
20,Dalarnas län,2084,Avesta,1,234.1,566399.50901228,6678870.32148562
20,Dalarnas län,2084,Avesta,1,234.1,569598.045054377,6680552.94195213
20,Dalarnas län,2084,Avesta,1,234.1,573828.517307412,6684344.60921254
20,Dalarnas län,2084,Avesta,1,234.1,572134.353017659,6687340.06360779
20,Dalarnas län,2084,Avesta,1,234.1,573883.02318038,6692396.062349
20,Dalarnas län,2084,Avesta,1,234.1,577351.599344251,6694722.86884359
20,Dalarnas län,2084,Avesta,1,234.1,583875.266043802,6692973.17393935
20,Dalarnas län,2084,Avesta,1,234.1,587160.673706517,6690418.03907214
20,Dalarnas län,2084,Avesta,1,234.1,587730.523812582,6686330.07149342
20,Dalarnas län,2084,Avesta,1,234.1,590014.141391869,6685086.31964473
20,Dalarnas län,2084,Avesta,1,234.1,590769.764284965,6678966.12358286
20,Dalarnas län,2084,Avesta,1,234.1,595371.113061138,6674914.38456615
20,Dalarnas län,2084,Avesta,1,234.1,587051.55700938,6674314.89928493
20,Dalarnas län,2084,Avesta,1,234.1,584094.270358366,6673010.11791759
20,Dalarnas län,2084,Avesta,1,234.1,584132.129612869,6669582.48051077
20,Dalarnas län,2084,Avesta,1,234.1,578927.118750391,6666092.85871437
20,Dalarnas län,2085,Ludvika,1,235.1,466146.955463374,6680787.27052917
20,Dalarnas län,2085,Ludvika,1,235.1,473719.762737109,6678189.84961134
20,Dalarnas län,2085,Ludvika,1,235.1,479825.216961235,6683197.58306817
20,Dalarnas län,2085,Ludvika,1,235.1,483339.95919789,6683437.46729261
20,Dalarnas län,2085,Ludvika,1,235.1,485471.438375756,6686440.41003702
20,Dalarnas län,2085,Ludvika,1,235.1,489642.034888435,6693458.85312834
20,Dalarnas län,2085,Ludvika,1,235.1,500395.76223198,6692346.85032211
20,Dalarnas län,2085,Ludvika,1,235.1,504922.620060462,6697048.60802087
20,Dalarnas län,2085,Ludvika,1,235.1,508197.790589263,6688115.78927403
20,Dalarnas län,2085,Ludvika,1,235.1,511082.546045984,6685601.94136044
20,Dalarnas län,2085,Ludvika,1,235.1,513217.068899752,6682963.94722988
20,Dalarnas län,2085,Ludvika,1,235.1,513969.752710504,6672412.73823094
20,Dalarnas län,2085,Ludvika,1,235.1,512243.64289573,6667557.32315214
20,Dalarnas län,2085,Ludvika,1,235.1,512416.983551326,6663510.8187111
20,Dalarnas län,2085,Ludvika,1,235.1,506927.362676373,6654209.05883767
20,Dalarnas län,2085,Ludvika,1,235.1,503699.903511875,6659175.958477
20,Dalarnas län,2085,Ludvika,1,235.1,501026.294899249,6658647.52383552
20,Dalarnas län,2085,Ludvika,1,235.1,499624.900306875,6660605.72727609
20,Dalarnas län,2085,Ludvika,1,235.1,495743.805516614,6658187.23860334
20,Dalarnas län,2085,Ludvika,1,235.1,491817.785579569,6661010.31643454
20,Dalarnas län,2085,Ludvika,1,235.1,491446.283589362,6665077.29479923
20,Dalarnas län,2085,Ludvika,1,235.1,488394.930559325,6664788.15041453
20,Dalarnas län,2085,Ludvika,1,235.1,484272.595032259,6661991.87692492
20,Dalarnas län,2085,Ludvika,1,235.1,485796.788395666,6651764.27581459
20,Dalarnas län,2085,Ludvika,1,235.1,468699.075600216,6654407.76940713
20,Dalarnas län,2085,Ludvika,1,235.1,456363.201059384,6662666.97280614
20,Dalarnas län,2085,Ludvika,1,235.1,454866.634331782,6671280.21075005
20,Dalarnas län,2085,Ludvika,1,235.1,452260.162418308,6678934.24500669
20,Dalarnas län,2085,Ludvika,1,235.1,466146.955463374,6680787.27052917
21,Gävleborgs län,2101,Ockelbo,1,236.1,601624.948497475,6756196.89636436
21,Gävleborgs län,2101,Ockelbo,1,236.1,603776.475642055,6749932.89112496
21,Gävleborgs län,2101,Ockelbo,1,236.1,605540.839058017,6745721.61035395
21,Gävleborgs län,2101,Ockelbo,1,236.1,605366.505283318,6740300.76801689
21,Gävleborgs län,2101,Ockelbo,1,236.1,601228.407237552,6739251.17115528
21,Gävleborgs län,2101,Ockelbo,1,236.1,593989.34088381,6737449.68539633
21,Gävleborgs län,2101,Ockelbo,1,236.1,589400.415515256,6739736.72211942
21,Gävleborgs län,2101,Ockelbo,1,236.1,585063.094747938,6740587.20231045
21,Gävleborgs län,2101,Ockelbo,1,236.1,576270.229350155,6739953.33114146
21,Gävleborgs län,2101,Ockelbo,1,236.1,567328.742481488,6749874.66701324
21,Gävleborgs län,2101,Ockelbo,1,236.1,561791.824363278,6763404.68729467
21,Gävleborgs län,2101,Ockelbo,1,236.1,570783.685668362,6769055.82643128
21,Gävleborgs län,2101,Ockelbo,1,236.1,581088.646420779,6769399.67746785
21,Gävleborgs län,2101,Ockelbo,1,236.1,584045.890350152,6773860.93086076
21,Gävleborgs län,2101,Ockelbo,1,236.1,595211.292297673,6771566.11098941
21,Gävleborgs län,2101,Ockelbo,1,236.1,597302.191735925,6768528.62928783
21,Gävleborgs län,2101,Ockelbo,1,236.1,602607.747162009,6769188.82408377
21,Gävleborgs län,2101,Ockelbo,1,236.1,601624.948497475,6756196.89636436
21,Gävleborgs län,2104,Hofors,1,237.1,571501.899836165,6705936.16327674
21,Gävleborgs län,2104,Hofors,1,237.1,570028.423884796,6709110.23009042
21,Gävleborgs län,2104,Hofors,1,237.1,567702.712492574,6709955.49723652
21,Gävleborgs län,2104,Hofors,1,237.1,562812.248147352,6719323.87515278
21,Gävleborgs län,2104,Hofors,1,237.1,567934.938548109,6720942.25483609
21,Gävleborgs län,2104,Hofors,1,237.1,577725.200742173,6718988.87316499
21,Gävleborgs län,2104,Hofors,1,237.1,587116.511126554,6710767.20318912
21,Gävleborgs län,2104,Hofors,1,237.1,591308.061024116,6702879.59254985
21,Gävleborgs län,2104,Hofors,1,237.1,589098.356539493,6697266.98034279
21,Gävleborgs län,2104,Hofors,1,237.1,583875.266043802,6692973.17393935
21,Gävleborgs län,2104,Hofors,1,237.1,577351.599344251,6694722.86884359
21,Gävleborgs län,2104,Hofors,1,237.1,571501.899836165,6705936.16327674
21,Gävleborgs län,2121,Ovanåker,1,238.1,524684.222192939,6831424.56921
21,Gävleborgs län,2121,Ovanåker,1,238.1,535620.805254299,6833920.23886738
21,Gävleborgs län,2121,Ovanåker,1,238.1,541041.910861815,6828123.18114967
21,Gävleborgs län,2121,Ovanåker,1,238.1,554777.927732924,6824152.42771565
21,Gävleborgs län,2121,Ovanåker,1,238.1,564159.273514606,6816469.7305261
21,Gävleborgs län,2121,Ovanåker,1,238.1,563934.871710518,6812464.09281677
21,Gävleborgs län,2121,Ovanåker,1,238.1,568382.53937754,6806969.62147265
21,Gävleborgs län,2121,Ovanåker,1,238.1,561035.338322208,6792824.8963753
21,Gävleborgs län,2121,Ovanåker,1,238.1,550500.582621173,6764505.32659731
21,Gävleborgs län,2121,Ovanåker,1,238.1,540924.198599447,6769725.78217056
21,Gävleborgs län,2121,Ovanåker,1,238.1,536666.267830268,6777617.84641149
21,Gävleborgs län,2121,Ovanåker,1,238.1,535139.578513982,6787847.80380128
21,Gävleborgs län,2121,Ovanåker,1,238.1,512248.186343685,6819886.45981283
21,Gävleborgs län,2121,Ovanåker,1,238.1,517006.776491069,6827384.8321342
21,Gävleborgs län,2121,Ovanåker,1,238.1,522645.656787622,6827405.64708305
21,Gävleborgs län,2121,Ovanåker,1,238.1,524684.222192939,6831424.56921
21,Gävleborgs län,2132,Nordanstig,1,239.1,606499.837221475,6858623.31824152
21,Gävleborgs län,2132,Nordanstig,1,239.1,602758.960097567,6859411.69104032
21,Gävleborgs län,2132,Nordanstig,1,239.1,593540.815697627,6873052.7944251
21,Gävleborgs län,2132,Nordanstig,1,239.1,589516.967377449,6882533.34680612
21,Gävleborgs län,2132,Nordanstig,1,239.1,555070.875819706,6902583.02840415
21,Gävleborgs län,2132,Nordanstig,1,239.1,564422.356888993,6903050.40315837
21,Gävleborgs län,2132,Nordanstig,1,239.1,578588.589893762,6902797.96300436
21,Gävleborgs län,2132,Nordanstig,1,239.1,593333.309474408,6899460.51093205
21,Gävleborgs län,2132,Nordanstig,1,239.1,599209.501340927,6896034.5510407
21,Gävleborgs län,2132,Nordanstig,1,239.1,602501.385096316,6896701.3817737
21,Gävleborgs län,2132,Nordanstig,1,239.1,608967.679652118,6895026.30216404
21,Gävleborgs län,2132,Nordanstig,1,239.1,611547.814109474,6896573.06307677
21,Gävleborgs län,2132,Nordanstig,1,239.1,616534.61883109,6894246.69220994
21,Gävleborgs län,2132,Nordanstig,1,239.1,621263.079536457,6895167.35891128
21,Gävleborgs län,2132,Nordanstig,1,239.1,629226.447347148,6893068.96967713
21,Gävleborgs län,2132,Nordanstig,1,239.1,627490.217334457,6878006.65110078
21,Gävleborgs län,2132,Nordanstig,1,239.1,623739.357266798,6871143.53761145
21,Gävleborgs län,2132,Nordanstig,1,239.1,621873.309771757,6861197.58029345
21,Gävleborgs län,2132,Nordanstig,1,239.1,616653.464364857,6863213.30596248
21,Gävleborgs län,2132,Nordanstig,1,239.1,606499.837221475,6858623.31824152
01,Stockholms län,0191,Sigtuna,1,24.1,650994.616780157,6611726.92144425
01,Stockholms län,0191,Sigtuna,1,24.1,650226.660963504,6612887.3723247
01,Stockholms län,0191,Sigtuna,1,24.1,648423.430099269,6614087.23940302
01,Stockholms län,0191,Sigtuna,1,24.1,646013.609914973,6615262.72405803
01,Stockholms län,0191,Sigtuna,1,24.1,645513.671840397,6615924.5270287
01,Stockholms län,0191,Sigtuna,1,24.1,647083.759543933,6617455.31001185
01,Stockholms län,0191,Sigtuna,1,24.1,648646.497271694,6618275.14457244
01,Stockholms län,0191,Sigtuna,1,24.1,648325.861718113,6620388.84223229
01,Stockholms län,0191,Sigtuna,1,24.1,649996.525702966,6620143.1967587
01,Stockholms län,0191,Sigtuna,1,24.1,651552.185960692,6620065.12520924
01,Stockholms län,0191,Sigtuna,1,24.1,652320.86111137,6619092.64846367
01,Stockholms län,0191,Sigtuna,1,24.1,653763.345856127,6618866.22426981
01,Stockholms län,0191,Sigtuna,1,24.1,654120.564899024,6617443.83857386
01,Stockholms län,0191,Sigtuna,1,24.1,655193.766075647,6617328.90249528
01,Stockholms län,0191,Sigtuna,1,24.1,655875.089160861,6618936.8845658
01,Stockholms län,0191,Sigtuna,1,24.1,657141.801980269,6619682.14883667
01,Stockholms län,0191,Sigtuna,1,24.1,658363.589329004,6619681.00037293
01,Stockholms län,0191,Sigtuna,1,24.1,658987.862857167,6619155.67852444
01,Stockholms län,0191,Sigtuna,1,24.1,660067.417602571,6619752.69458438
01,Stockholms län,0191,Sigtuna,1,24.1,659741.382829808,6620500.60116299
01,Stockholms län,0191,Sigtuna,1,24.1,664129.501981029,6622400.61600916
01,Stockholms län,0191,Sigtuna,1,24.1,665240.961130516,6622511.11015961
01,Stockholms län,0191,Sigtuna,1,24.1,666210.538463513,6623107.79726854
01,Stockholms län,0191,Sigtuna,1,24.1,668002.171638249,6624675.31964927
01,Stockholms län,0191,Sigtuna,1,24.1,669188.075936558,6624748.73563782
01,Stockholms län,0191,Sigtuna,1,24.1,670681.388037132,6626017.68247355
01,Stockholms län,0191,Sigtuna,1,24.1,671233.952295508,6625717.44763124
01,Stockholms län,0191,Sigtuna,1,24.1,672422.681971402,6626051.85883773
01,Stockholms län,0191,Sigtuna,1,24.1,673626.287350391,6626068.49689119
01,Stockholms län,0191,Sigtuna,1,24.1,674186.52978761,6624478.56512179
01,Stockholms län,0191,Sigtuna,1,24.1,674920.706343357,6623878.59989372
01,Stockholms län,0191,Sigtuna,1,24.1,675850.481520584,6624213.85096871
01,Stockholms län,0191,Sigtuna,1,24.1,676180.439571063,6623801.92477998
01,Stockholms län,0191,Sigtuna,1,24.1,675766.047820806,6623017.01537958
01,Stockholms län,0191,Sigtuna,1,24.1,675496.272256608,6621932.90792007
01,Stockholms län,0191,Sigtuna,1,24.1,676782.199458781,6620770.72995009
01,Stockholms län,0191,Sigtuna,1,24.1,677144.442229353,6619923.27699901
01,Stockholms län,0191,Sigtuna,1,24.1,675956.859385584,6619575.89687032
01,Stockholms län,0191,Sigtuna,1,24.1,676283.996085902,6618901.97437015
01,Stockholms län,0191,Sigtuna,1,24.1,675462.924306095,6618343.08691371
01,Stockholms län,0191,Sigtuna,1,24.1,674746.753341942,6616885.61478027
01,Stockholms län,0191,Sigtuna,1,24.1,674394.348468441,6614866.66862382
01,Stockholms län,0191,Sigtuna,1,24.1,672354.828326898,6614607.92810962
01,Stockholms län,0191,Sigtuna,1,24.1,671611.022718373,6614272.93775248
01,Stockholms län,0191,Sigtuna,1,24.1,669982.890969626,6614388.13685181
01,Stockholms län,0191,Sigtuna,1,24.1,670397.9099627,6611170.72282689
01,Stockholms län,0191,Sigtuna,1,24.1,670306.638721758,6609300.92745592
01,Stockholms län,0191,Sigtuna,1,24.1,670038.402379584,6608253.8460297
01,Stockholms län,0191,Sigtuna,1,24.1,670513.502430379,6607579.73023589
01,Stockholms län,0191,Sigtuna,1,24.1,669732.157277883,6607207.30366512
01,Stockholms län,0191,Sigtuna,1,24.1,668405.317991169,6606636.28137066
01,Stockholms län,0191,Sigtuna,1,24.1,667501.395728518,6606313.36414635
01,Stockholms län,0191,Sigtuna,1,24.1,665465.883931323,6606466.62808616
01,Stockholms län,0191,Sigtuna,1,24.1,662941.984762965,6605835.09259029
01,Stockholms län,0191,Sigtuna,1,24.1,661797.179503903,6606248.11675366
01,Stockholms län,0191,Sigtuna,1,24.1,661248.173982517,6606997.32258683
01,Stockholms län,0191,Sigtuna,1,24.1,658708.587426074,6607412.40910335
01,Stockholms län,0191,Sigtuna,1,24.1,658444.083135557,6608199.05269424
01,Stockholms län,0191,Sigtuna,1,24.1,656751.919900027,6609473.27162007
01,Stockholms län,0191,Sigtuna,1,24.1,654720.43884598,6610037.49511971
01,Stockholms län,0191,Sigtuna,1,24.1,652361.478772224,6611387.58865887
01,Stockholms län,0191,Sigtuna,1,24.1,650994.616780157,6611726.92144425
21,Gävleborgs län,2161,Ljusdal,1,240.1,524684.222192939,6831424.56921
21,Gävleborgs län,2161,Ljusdal,1,240.1,522645.656787622,6827405.64708305
21,Gävleborgs län,2161,Ljusdal,1,240.1,517006.776491069,6827384.8321342
21,Gävleborgs län,2161,Ljusdal,1,240.1,512248.186343685,6819886.45981283
21,Gävleborgs län,2161,Ljusdal,1,240.1,508436.272773653,6830082.79284027
21,Gävleborgs län,2161,Ljusdal,1,240.1,503691.382472162,6817683.34910907
21,Gävleborgs län,2161,Ljusdal,1,240.1,495592.407389799,6819124.64094546
21,Gävleborgs län,2161,Ljusdal,1,240.1,489491.755717127,6818546.36348782
21,Gävleborgs län,2161,Ljusdal,1,240.1,486611.659036721,6819851.24601
21,Gävleborgs län,2161,Ljusdal,1,240.1,481243.196044593,6818594.29097379
21,Gävleborgs län,2161,Ljusdal,1,240.1,483209.684193132,6823828.68355259
21,Gävleborgs län,2161,Ljusdal,1,240.1,481834.135690592,6829810.44153842
21,Gävleborgs län,2161,Ljusdal,1,240.1,473532.66699484,6833086.38534357
21,Gävleborgs län,2161,Ljusdal,1,240.1,475039.308685394,6851056.26367112
21,Gävleborgs län,2161,Ljusdal,1,240.1,483713.715340001,6864457.95444508
21,Gävleborgs län,2161,Ljusdal,1,240.1,485742.082982407,6860825.48350765
21,Gävleborgs län,2161,Ljusdal,1,240.1,489402.935807937,6863065.12740748
21,Gävleborgs län,2161,Ljusdal,1,240.1,493303.544336733,6856218.01984152
21,Gävleborgs län,2161,Ljusdal,1,240.1,494516.15642647,6861933.03043574
21,Gävleborgs län,2161,Ljusdal,1,240.1,502103.719827157,6861350.4562738
21,Gävleborgs län,2161,Ljusdal,1,240.1,505454.349219903,6858789.94236898
21,Gävleborgs län,2161,Ljusdal,1,240.1,505408.300026126,6864029.56025986
21,Gävleborgs län,2161,Ljusdal,1,240.1,505846.645676379,6870026.94025835
21,Gävleborgs län,2161,Ljusdal,1,240.1,504364.167253166,6875014.79141931
21,Gävleborgs län,2161,Ljusdal,1,240.1,521508.033508993,6888550.46566812
21,Gävleborgs län,2161,Ljusdal,1,240.1,520585.340120918,6896904.24184404
21,Gävleborgs län,2161,Ljusdal,1,240.1,517391.71902451,6899045.75594488
21,Gävleborgs län,2161,Ljusdal,1,240.1,516833.01952694,6906420.34673353
21,Gävleborgs län,2161,Ljusdal,1,240.1,524778.035276597,6913590.03762511
21,Gävleborgs län,2161,Ljusdal,1,240.1,532094.533882209,6914244.06822467
21,Gävleborgs län,2161,Ljusdal,1,240.1,553028.308380141,6904763.93534288
21,Gävleborgs län,2161,Ljusdal,1,240.1,561296.328758476,6887864.80578066
21,Gävleborgs län,2161,Ljusdal,1,240.1,560600.715902268,6885116.94595366
21,Gävleborgs län,2161,Ljusdal,1,240.1,566267.238826307,6864591.22485126
21,Gävleborgs län,2161,Ljusdal,1,240.1,570151.151370259,6861370.35613298
21,Gävleborgs län,2161,Ljusdal,1,240.1,568023.008496247,6852728.35695401
21,Gävleborgs län,2161,Ljusdal,1,240.1,585609.382417495,6835133.15479462
21,Gävleborgs län,2161,Ljusdal,1,240.1,568736.008453759,6836742.67235895
21,Gävleborgs län,2161,Ljusdal,1,240.1,554777.927732924,6824152.42771565
21,Gävleborgs län,2161,Ljusdal,1,240.1,541041.910861815,6828123.18114967
21,Gävleborgs län,2161,Ljusdal,1,240.1,535620.805254299,6833920.23886738
21,Gävleborgs län,2161,Ljusdal,1,240.1,524684.222192939,6831424.56921
21,Gävleborgs län,2180,Gävle,1,241.1,601624.948497475,6756196.89636436
21,Gävleborgs län,2180,Gävle,1,241.1,602607.747162009,6769188.82408377
21,Gävleborgs län,2180,Gävle,1,241.1,616495.627000569,6771042.48771096
21,Gävleborgs län,2180,Gävle,1,241.1,615793.45870234,6768228.48254429
21,Gävleborgs län,2180,Gävle,1,241.1,620076.666370659,6764965.97359777
21,Gävleborgs län,2180,Gävle,1,241.1,617070.453590698,6759434.21595159
21,Gävleborgs län,2180,Gävle,1,241.1,623354.409428892,6748511.98982952
21,Gävleborgs län,2180,Gävle,1,241.1,621744.543017747,6742836.45550187
21,Gävleborgs län,2180,Gävle,1,241.1,627762.225453736,6736976.68883475
21,Gävleborgs län,2180,Gävle,1,241.1,621024.199751958,6730422.37802053
21,Gävleborgs län,2180,Gävle,1,241.1,628509.449495429,6726358.15829721
21,Gävleborgs län,2180,Gävle,1,241.1,626482.433953105,6706088.68943383
21,Gävleborgs län,2180,Gävle,1,241.1,621326.648942397,6701183.61549374
21,Gävleborgs län,2180,Gävle,1,241.1,621518.55777186,6687868.93241415
21,Gävleborgs län,2180,Gävle,1,241.1,616187.048416133,6683183.79721199
21,Gävleborgs län,2180,Gävle,1,241.1,605362.504204523,6684908.04098076
21,Gävleborgs län,2180,Gävle,1,241.1,605046.932245814,6691992.4733772
21,Gävleborgs län,2180,Gävle,1,241.1,599148.8680466,6695220.51176009
21,Gävleborgs län,2180,Gävle,1,241.1,598393.116846506,6701341.74846761
21,Gävleborgs län,2180,Gävle,1,241.1,603476.971185421,6701822.88320678
21,Gävleborgs län,2180,Gävle,1,241.1,606624.176438249,6710560.34003783
21,Gävleborgs län,2180,Gävle,1,241.1,602909.028323828,6715376.6328709
21,Gävleborgs län,2180,Gävle,1,241.1,601819.385724864,6722136.62041892
21,Gävleborgs län,2180,Gävle,1,241.1,601228.407237552,6739251.17115528
21,Gävleborgs län,2180,Gävle,1,241.1,605366.505283318,6740300.76801689
21,Gävleborgs län,2180,Gävle,1,241.1,605540.839058017,6745721.61035395
21,Gävleborgs län,2180,Gävle,1,241.1,603776.475642055,6749932.89112496
21,Gävleborgs län,2180,Gävle,1,241.1,601624.948497475,6756196.89636436
21,Gävleborgs län,2181,Sandviken,1,242.1,571212.878243982,6731546.51696227
21,Gävleborgs län,2181,Sandviken,1,242.1,574959.544030608,6734584.69574584
21,Gävleborgs län,2181,Sandviken,1,242.1,576270.229350155,6739953.33114146
21,Gävleborgs län,2181,Sandviken,1,242.1,585063.094747938,6740587.20231045
21,Gävleborgs län,2181,Sandviken,1,242.1,589400.415515256,6739736.72211942
21,Gävleborgs län,2181,Sandviken,1,242.1,593989.34088381,6737449.68539633
21,Gävleborgs län,2181,Sandviken,1,242.1,601228.407237552,6739251.17115528
21,Gävleborgs län,2181,Sandviken,1,242.1,601819.385724864,6722136.62041892
21,Gävleborgs län,2181,Sandviken,1,242.1,602909.028323828,6715376.6328709
21,Gävleborgs län,2181,Sandviken,1,242.1,606624.176438249,6710560.34003783
21,Gävleborgs län,2181,Sandviken,1,242.1,603476.971185421,6701822.88320678
21,Gävleborgs län,2181,Sandviken,1,242.1,598393.116846506,6701341.74846761
21,Gävleborgs län,2181,Sandviken,1,242.1,599148.8680466,6695220.51176009
21,Gävleborgs län,2181,Sandviken,1,242.1,605046.932245814,6691992.4733772
21,Gävleborgs län,2181,Sandviken,1,242.1,605362.504204523,6684908.04098076
21,Gävleborgs län,2181,Sandviken,1,242.1,603186.228684484,6682111.11171194
21,Gävleborgs län,2181,Sandviken,1,242.1,604147.274295651,6679797.42043347
21,Gävleborgs län,2181,Sandviken,1,242.1,599633.21158725,6675228.36901733
21,Gävleborgs län,2181,Sandviken,1,242.1,595371.113061138,6674914.38456615
21,Gävleborgs län,2181,Sandviken,1,242.1,590769.764284965,6678966.12358286
21,Gävleborgs län,2181,Sandviken,1,242.1,590014.141391869,6685086.31964473
21,Gävleborgs län,2181,Sandviken,1,242.1,587730.523812582,6686330.07149342
21,Gävleborgs län,2181,Sandviken,1,242.1,587160.673706517,6690418.03907214
21,Gävleborgs län,2181,Sandviken,1,242.1,583875.266043802,6692973.17393935
21,Gävleborgs län,2181,Sandviken,1,242.1,589098.356539493,6697266.98034279
21,Gävleborgs län,2181,Sandviken,1,242.1,591308.061024116,6702879.59254985
21,Gävleborgs län,2181,Sandviken,1,242.1,587116.511126554,6710767.20318912
21,Gävleborgs län,2181,Sandviken,1,242.1,577725.200742173,6718988.87316499
21,Gävleborgs län,2181,Sandviken,1,242.1,567934.938548109,6720942.25483609
21,Gävleborgs län,2181,Sandviken,1,242.1,572224.389923706,6727816.96734186
21,Gävleborgs län,2181,Sandviken,1,242.1,571212.878243982,6731546.51696227
21,Gävleborgs län,2182,Söderhamn,1,243.1,589847.872655818,6818849.85757356
21,Gävleborgs län,2182,Söderhamn,1,243.1,592303.068379135,6823632.01006897
21,Gävleborgs län,2182,Söderhamn,1,243.1,601297.028194063,6815451.3320802
21,Gävleborgs län,2182,Söderhamn,1,243.1,608906.936894757,6815067.54156215
21,Gävleborgs län,2182,Söderhamn,1,243.1,612387.749030565,6811215.49760914
21,Gävleborgs län,2182,Söderhamn,1,243.1,613328.618826141,6805545.44283135
21,Gävleborgs län,2182,Söderhamn,1,243.1,619974.170517668,6798011.27344598
21,Gävleborgs län,2182,Söderhamn,1,243.1,618213.859892691,6790941.13820256
21,Gävleborgs län,2182,Söderhamn,1,243.1,614582.262713424,6787086.20139887
21,Gävleborgs län,2182,Söderhamn,1,243.1,616495.627000569,6771042.48771096
21,Gävleborgs län,2182,Söderhamn,1,243.1,602607.747162009,6769188.82408377
21,Gävleborgs län,2182,Söderhamn,1,243.1,597302.191735925,6768528.62928783
21,Gävleborgs län,2182,Söderhamn,1,243.1,595211.292297673,6771566.11098941
21,Gävleborgs län,2182,Söderhamn,1,243.1,584045.890350152,6773860.93086076
21,Gävleborgs län,2182,Söderhamn,1,243.1,591997.455711182,6782975.60132037
21,Gävleborgs län,2182,Söderhamn,1,243.1,593194.872700493,6792318.99638989
21,Gävleborgs län,2182,Söderhamn,1,243.1,588518.029163211,6799449.42759268
21,Gävleborgs län,2182,Söderhamn,1,243.1,591276.926767322,6800776.16397971
21,Gävleborgs län,2182,Söderhamn,1,243.1,592680.796261069,6808284.5960654
21,Gävleborgs län,2182,Söderhamn,1,243.1,589847.872655818,6818849.85757356
21,Gävleborgs län,2183,Bollnäs,1,244.1,589847.872655818,6818849.85757356
21,Gävleborgs län,2183,Bollnäs,1,244.1,592680.796261069,6808284.5960654
21,Gävleborgs län,2183,Bollnäs,1,244.1,591276.926767322,6800776.16397971
21,Gävleborgs län,2183,Bollnäs,1,244.1,588518.029163211,6799449.42759268
21,Gävleborgs län,2183,Bollnäs,1,244.1,593194.872700493,6792318.99638989
21,Gävleborgs län,2183,Bollnäs,1,244.1,591997.455711182,6782975.60132037
21,Gävleborgs län,2183,Bollnäs,1,244.1,584045.890350152,6773860.93086076
21,Gävleborgs län,2183,Bollnäs,1,244.1,581088.646420779,6769399.67746785
21,Gävleborgs län,2183,Bollnäs,1,244.1,570783.685668362,6769055.82643128
21,Gävleborgs län,2183,Bollnäs,1,244.1,561791.824363278,6763404.68729467
21,Gävleborgs län,2183,Bollnäs,1,244.1,550500.582621173,6764505.32659731
21,Gävleborgs län,2183,Bollnäs,1,244.1,561035.338322208,6792824.8963753
21,Gävleborgs län,2183,Bollnäs,1,244.1,568382.53937754,6806969.62147265
21,Gävleborgs län,2183,Bollnäs,1,244.1,563934.871710518,6812464.09281677
21,Gävleborgs län,2183,Bollnäs,1,244.1,564159.273514606,6816469.7305261
21,Gävleborgs län,2183,Bollnäs,1,244.1,554777.927732924,6824152.42771565
21,Gävleborgs län,2183,Bollnäs,1,244.1,568736.008453759,6836742.67235895
21,Gävleborgs län,2183,Bollnäs,1,244.1,585609.382417495,6835133.15479462
21,Gävleborgs län,2183,Bollnäs,1,244.1,585433.954842733,6821521.55385937
21,Gävleborgs län,2183,Bollnäs,1,244.1,589847.872655818,6818849.85757356
21,Gävleborgs län,2184,Hudiksvall,1,245.1,589847.872655818,6818849.85757356
21,Gävleborgs län,2184,Hudiksvall,1,245.1,585433.954842733,6821521.55385937
21,Gävleborgs län,2184,Hudiksvall,1,245.1,585609.382417495,6835133.15479462
21,Gävleborgs län,2184,Hudiksvall,1,245.1,568023.008496247,6852728.35695401
21,Gävleborgs län,2184,Hudiksvall,1,245.1,570151.151370259,6861370.35613298
21,Gävleborgs län,2184,Hudiksvall,1,245.1,566267.238826307,6864591.22485126
21,Gävleborgs län,2184,Hudiksvall,1,245.1,560600.715902268,6885116.94595366
21,Gävleborgs län,2184,Hudiksvall,1,245.1,561296.328758476,6887864.80578066
21,Gävleborgs län,2184,Hudiksvall,1,245.1,553028.308380141,6904763.93534288
21,Gävleborgs län,2184,Hudiksvall,1,245.1,555070.875819706,6902583.02840415
21,Gävleborgs län,2184,Hudiksvall,1,245.1,589516.967377449,6882533.34680612
21,Gävleborgs län,2184,Hudiksvall,1,245.1,593540.815697627,6873052.7944251
21,Gävleborgs län,2184,Hudiksvall,1,245.1,602758.960097567,6859411.69104032
21,Gävleborgs län,2184,Hudiksvall,1,245.1,606499.837221475,6858623.31824152
21,Gävleborgs län,2184,Hudiksvall,1,245.1,616653.464364857,6863213.30596248
21,Gävleborgs län,2184,Hudiksvall,1,245.1,621873.309771757,6861197.58029345
21,Gävleborgs län,2184,Hudiksvall,1,245.1,625680.535318308,6857244.71897934
21,Gävleborgs län,2184,Hudiksvall,1,245.1,625577.90072482906,6850608.9086559
21,Gävleborgs län,2184,Hudiksvall,1,245.1,627471.887822678,6847593.06157036
21,Gävleborgs län,2184,Hudiksvall,1,245.1,632500.732504547,6845663.83932259
21,Gävleborgs län,2184,Hudiksvall,1,245.1,630883.850071725,6836161.82692724
21,Gävleborgs län,2184,Hudiksvall,1,245.1,627584.371050693,6837307.69831338
21,Gävleborgs län,2184,Hudiksvall,1,245.1,625597.815729639,6841341.19243433
21,Gävleborgs län,2184,Hudiksvall,1,245.1,619992.913998917,6843531.22645558
21,Gävleborgs län,2184,Hudiksvall,1,245.1,617805.509051884,6838118.34223272
21,Gävleborgs län,2184,Hudiksvall,1,245.1,615333.770489128,6831927.14400765
21,Gävleborgs län,2184,Hudiksvall,1,245.1,612285.888560718,6825998.77723744
21,Gävleborgs län,2184,Hudiksvall,1,245.1,616058.570974062,6817953.32660867
21,Gävleborgs län,2184,Hudiksvall,1,245.1,612387.749030565,6811215.49760914
21,Gävleborgs län,2184,Hudiksvall,1,245.1,608906.936894757,6815067.54156215
21,Gävleborgs län,2184,Hudiksvall,1,245.1,601297.028194063,6815451.3320802
21,Gävleborgs län,2184,Hudiksvall,1,245.1,592303.068379135,6823632.01006897
21,Gävleborgs län,2184,Hudiksvall,1,245.1,589847.872655818,6818849.85757356
22,Västernorrlands län,2260,Ånge,1,246.1,557727.592275165,6952686.57841714
22,Västernorrlands län,2260,Ånge,1,246.1,564061.12626887,6955456.02404594
22,Västernorrlands län,2260,Ånge,1,246.1,569987.5608932,6953769.64625397
22,Västernorrlands län,2260,Ånge,1,246.1,571234.921438294,6949076.54600968
22,Västernorrlands län,2260,Ånge,1,246.1,579977.863157461,6942332.69351291
22,Västernorrlands län,2260,Ånge,1,246.1,574495.132127525,6932424.86823382
22,Västernorrlands län,2260,Ånge,1,246.1,573353.986545275,6925493.51599592
22,Västernorrlands län,2260,Ånge,1,246.1,575667.013042679,6922636.16756719
22,Västernorrlands län,2260,Ånge,1,246.1,572904.073597048,6917482.10687321
22,Västernorrlands län,2260,Ånge,1,246.1,573099.000077147,6913635.59546759
22,Västernorrlands län,2260,Ånge,1,246.1,564422.356888993,6903050.40315837
22,Västernorrlands län,2260,Ånge,1,246.1,555070.875819706,6902583.02840415
22,Västernorrlands län,2260,Ånge,1,246.1,553028.308380141,6904763.93534288
22,Västernorrlands län,2260,Ånge,1,246.1,532094.533882209,6914244.06822467
22,Västernorrlands län,2260,Ånge,1,246.1,524778.035276597,6913590.03762511
22,Västernorrlands län,2260,Ånge,1,246.1,516833.01952694,6906420.34673353
22,Västernorrlands län,2260,Ånge,1,246.1,514163.708856872,6908442.39660873
22,Västernorrlands län,2260,Ånge,1,246.1,508257.861916528,6904017.28501211
22,Västernorrlands län,2260,Ånge,1,246.1,497260.267402521,6910388.0041706
22,Västernorrlands län,2260,Ånge,1,246.1,493214.952721572,6919668.25896869
22,Västernorrlands län,2260,Ånge,1,246.1,489952.22589271,6920541.23275824
22,Västernorrlands län,2260,Ånge,1,246.1,488674.318021804,6926179.25627977
22,Västernorrlands län,2260,Ånge,1,246.1,491503.912196133,6926290.53800188
22,Västernorrlands län,2260,Ånge,1,246.1,489763.703827032,6934524.84945886
22,Västernorrlands län,2260,Ånge,1,246.1,489467.362984166,6941202.74818546
22,Västernorrlands län,2260,Ånge,1,246.1,495712.874967527,6942503.35839469
22,Västernorrlands län,2260,Ånge,1,246.1,503995.352541153,6941514.23066486
22,Västernorrlands län,2260,Ånge,1,246.1,507261.198761039,6938156.19714503
22,Västernorrlands län,2260,Ånge,1,246.1,513146.38861077,6942382.31507661
22,Västernorrlands län,2260,Ånge,1,246.1,530538.748072919,6945018.88622429
22,Västernorrlands län,2260,Ånge,1,246.1,549270.583514866,6954565.22157875
22,Västernorrlands län,2260,Ånge,1,246.1,557727.592275165,6952686.57841714
22,Västernorrlands län,2262,Timrå,1,247.1,615126.891344036,6926416.71918158
22,Västernorrlands län,2262,Timrå,1,247.1,612827.607942873,6931287.87579901
22,Västernorrlands län,2262,Timrå,1,247.1,614056.22927616,6933376.7298478
22,Västernorrlands län,2262,Timrå,1,247.1,615096.019791386,6943138.45753313
22,Västernorrlands län,2262,Timrå,1,247.1,610066.086503547,6945067.12601174
22,Västernorrlands län,2262,Timrå,1,247.1,600550.640932438,6955920.48473047
22,Västernorrlands län,2262,Timrå,1,247.1,600156.340320983,6959787.5963529
22,Västernorrlands län,2262,Timrå,1,247.1,610302.417413444,6971882.7216603
22,Västernorrlands län,2262,Timrå,1,247.1,623676.670926375,6957561.49123713
22,Västernorrlands län,2262,Timrå,1,247.1,625086.534591374,6953790.97820783
22,Västernorrlands län,2262,Timrå,1,247.1,631650.297321124,6945459.89121772
22,Västernorrlands län,2262,Timrå,1,247.1,636123.713256648,6943990.13010931
22,Västernorrlands län,2262,Timrå,1,247.1,636767.860894426,6938687.29150568
22,Västernorrlands län,2262,Timrå,1,247.1,641521.35671661,6934166.61571996
22,Västernorrlands län,2262,Timrå,1,247.1,637932.26219456,6930710.51214293
22,Västernorrlands län,2262,Timrå,1,247.1,639172.991037154,6925345.11770383
22,Västernorrlands län,2262,Timrå,1,247.1,631492.657738206,6926943.900796
22,Västernorrlands län,2262,Timrå,1,247.1,627496.2994644,6934809.28417115
22,Västernorrlands län,2262,Timrå,1,247.1,623008.036900864,6932988.63424426
22,Västernorrlands län,2262,Timrå,1,247.1,615126.891344036,6926416.71918158
22,Västernorrlands län,2280,Härnösand,1,248.1,613720.909174723,6977524.23356529
22,Västernorrlands län,2280,Härnösand,1,248.1,618767.305279261,6978277.32631164
22,Västernorrlands län,2280,Härnösand,1,248.1,626452.736704006,6974195.56236554
22,Västernorrlands län,2280,Härnösand,1,248.1,639033.549894886,6975112.03573149
22,Västernorrlands län,2280,Härnösand,1,248.1,653424.571134675,6965301.29116283
22,Västernorrlands län,2280,Härnösand,1,248.1,654290.59209727,6961452.8774459
22,Västernorrlands län,2280,Härnösand,1,248.1,661210.575392721,6962148.38416924
22,Västernorrlands län,2280,Härnösand,1,248.1,656052.857842442,6953414.47290665
22,Västernorrlands län,2280,Härnösand,1,248.1,652505.80031868,6950355.6910937
22,Västernorrlands län,2280,Härnösand,1,248.1,657124.700000297,6946455.20467526
22,Västernorrlands län,2280,Härnösand,1,248.1,649390.848457419,6940002.76816727
22,Västernorrlands län,2280,Härnösand,1,248.1,646665.610723038,6931420.43269655
22,Västernorrlands län,2280,Härnösand,1,248.1,641521.35671661,6934166.61571996
22,Västernorrlands län,2280,Härnösand,1,248.1,636767.860894426,6938687.29150568
22,Västernorrlands län,2280,Härnösand,1,248.1,636123.713256648,6943990.13010931
22,Västernorrlands län,2280,Härnösand,1,248.1,631650.297321124,6945459.89121772
22,Västernorrlands län,2280,Härnösand,1,248.1,625086.534591374,6953790.97820783
22,Västernorrlands län,2280,Härnösand,1,248.1,623676.670926375,6957561.49123713
22,Västernorrlands län,2280,Härnösand,1,248.1,610302.417413444,6971882.7216603
22,Västernorrlands län,2280,Härnösand,1,248.1,613720.909174723,6977524.23356529
22,Västernorrlands län,2281,Sundsvall,1,249.1,615126.891344036,6926416.71918158
22,Västernorrlands län,2281,Sundsvall,1,249.1,623008.036900864,6932988.63424426
22,Västernorrlands län,2281,Sundsvall,1,249.1,623162.073105021,6930020.21777117
22,Västernorrlands län,2281,Sundsvall,1,249.1,628589.483851228,6928049.41470669
22,Västernorrlands län,2281,Sundsvall,1,249.1,629868.947041521,6919256.30027357
22,Västernorrlands län,2281,Sundsvall,1,249.1,625913.830467481,6918052.22329041
22,Västernorrlands län,2281,Sundsvall,1,249.1,625050.17268979,6913710.41056078
22,Västernorrlands län,2281,Sundsvall,1,249.1,629370.640281317,6907019.74280578
22,Västernorrlands län,2281,Sundsvall,1,249.1,637210.116951586,6905001.87065406
22,Västernorrlands län,2281,Sundsvall,1,249.1,635860.914108649,6899904.12456075
22,Västernorrlands län,2281,Sundsvall,1,249.1,631311.097433613,6898762.69358428
22,Västernorrlands län,2281,Sundsvall,1,249.1,629226.447347148,6893068.96967713
22,Västernorrlands län,2281,Sundsvall,1,249.1,621263.079536457,6895167.35891128
22,Västernorrlands län,2281,Sundsvall,1,249.1,616534.61883109,6894246.69220994
22,Västernorrlands län,2281,Sundsvall,1,249.1,611547.814109474,6896573.06307677
22,Västernorrlands län,2281,Sundsvall,1,249.1,608967.679652118,6895026.30216404
22,Västernorrlands län,2281,Sundsvall,1,249.1,602501.385096316,6896701.3817737
22,Västernorrlands län,2281,Sundsvall,1,249.1,599209.501340927,6896034.5510407
22,Västernorrlands län,2281,Sundsvall,1,249.1,593333.309474408,6899460.51093205
22,Västernorrlands län,2281,Sundsvall,1,249.1,578588.589893762,6902797.96300436
22,Västernorrlands län,2281,Sundsvall,1,249.1,564422.356888993,6903050.40315837
22,Västernorrlands län,2281,Sundsvall,1,249.1,573099.000077147,6913635.59546759
22,Västernorrlands län,2281,Sundsvall,1,249.1,572904.073597048,6917482.10687321
22,Västernorrlands län,2281,Sundsvall,1,249.1,575667.013042679,6922636.16756719
22,Västernorrlands län,2281,Sundsvall,1,249.1,573353.986545275,6925493.51599592
22,Västernorrlands län,2281,Sundsvall,1,249.1,574495.132127525,6932424.86823382
22,Västernorrlands län,2281,Sundsvall,1,249.1,579977.863157461,6942332.69351291
22,Västernorrlands län,2281,Sundsvall,1,249.1,571234.921438294,6949076.54600968
22,Västernorrlands län,2281,Sundsvall,1,249.1,569987.5608932,6953769.64625397
22,Västernorrlands län,2281,Sundsvall,1,249.1,571332.295547081,6961352.37238981
22,Västernorrlands län,2281,Sundsvall,1,249.1,575045.452915049,6966609.42859667
22,Västernorrlands län,2281,Sundsvall,1,249.1,584298.856817245,6979149.0085949
22,Västernorrlands län,2281,Sundsvall,1,249.1,602058.537576559,6982083.93208647
22,Västernorrlands län,2281,Sundsvall,1,249.1,610302.417413444,6971882.7216603
22,Västernorrlands län,2281,Sundsvall,1,249.1,600156.340320983,6959787.5963529
22,Västernorrlands län,2281,Sundsvall,1,249.1,600550.640932438,6955920.48473047
22,Västernorrlands län,2281,Sundsvall,1,249.1,610066.086503547,6945067.12601174
22,Västernorrlands län,2281,Sundsvall,1,249.1,615096.019791386,6943138.45753313
22,Västernorrlands län,2281,Sundsvall,1,249.1,614056.22927616,6933376.7298478
22,Västernorrlands län,2281,Sundsvall,1,249.1,612827.607942873,6931287.87579901
22,Västernorrlands län,2281,Sundsvall,1,249.1,615126.891344036,6926416.71918158
01,Stockholms län,0192,Nynäshamn,1,25.1,658354.704461676,6553745.78380219
01,Stockholms län,0192,Nynäshamn,1,25.1,659098.064718344,6554118.69988458
01,Stockholms län,0192,Nynäshamn,1,25.1,660807.471946379,6554639.26521607
01,Stockholms län,0192,Nynäshamn,1,25.1,663725.968777195,6553810.67105521
01,Stockholms län,0192,Nynäshamn,1,25.1,664802.082110589,6554034.63283053
01,Stockholms län,0192,Nynäshamn,1,25.1,666001.918852717,6555602.86508781
01,Stockholms län,0192,Nynäshamn,1,25.1,665637.293134354,6556239.35435625
01,Stockholms län,0192,Nynäshamn,1,25.1,666055.862634462,6557510.1938939
01,Stockholms län,0192,Nynäshamn,1,25.1,667195.963834495,6557981.89330946
01,Stockholms län,0192,Nynäshamn,1,25.1,667499.458614665,6557357.66383541
01,Stockholms län,0192,Nynäshamn,1,25.1,668123.060797407,6556720.31352827
01,Stockholms län,0192,Nynäshamn,1,25.1,668832.163917847,6557280.78691549
01,Stockholms län,0192,Nynäshamn,1,25.1,670052.250223795,6557091.56783004
01,Stockholms län,0192,Nynäshamn,1,25.1,670187.197219114,6555521.45558913
01,Stockholms län,0192,Nynäshamn,1,25.1,670703.491845308,6555407.71347453
01,Stockholms län,0192,Nynäshamn,1,25.1,670584.255506016,6554435.43075604
01,Stockholms län,0192,Nynäshamn,1,25.1,669905.726598316,6553164.44545336
01,Stockholms län,0192,Nynäshamn,1,25.1,669342.198070616,6552305.7875677
01,Stockholms län,0192,Nynäshamn,1,25.1,669440.339432573,6550885.20894076
01,Stockholms län,0192,Nynäshamn,1,25.1,669875.48343675,6549873.62675469
01,Stockholms län,0192,Nynäshamn,1,25.1,671796.439234076,6549271.93420545
01,Stockholms län,0192,Nynäshamn,1,25.1,672099.619589206,6548672.69262937
01,Stockholms län,0192,Nynäshamn,1,25.1,672007.311360999,6548037.67778947
01,Stockholms län,0192,Nynäshamn,1,25.1,672574.10368036,6545230.98048868
01,Stockholms län,0192,Nynäshamn,1,25.1,672713.820145214,6544258.83264977
01,Stockholms län,0192,Nynäshamn,1,25.1,672450.26769598,6543810.72622864
01,Stockholms län,0192,Nynäshamn,1,25.1,671968.242888016,6543736.91374603
01,Stockholms län,0192,Nynäshamn,1,25.1,671717.095509821,6544746.72275426
01,Stockholms län,0192,Nynäshamn,1,25.1,671315.372407324,6545308.77879904
01,Stockholms län,0192,Nynäshamn,1,25.1,670933.877437331,6544112.36864922
01,Stockholms län,0192,Nynäshamn,1,25.1,670850.527636828,6543065.53602441
01,Stockholms län,0192,Nynäshamn,1,25.1,669936.068950351,6540298.95223089
01,Stockholms län,0192,Nynäshamn,1,25.1,670533.290219377,6536708.7557116
01,Stockholms län,0192,Nynäshamn,1,25.1,669991.056535908,6534165.63987038
01,Stockholms län,0192,Nynäshamn,1,25.1,668722.51712163,6533232.49843239
01,Stockholms län,0192,Nynäshamn,1,25.1,667487.735761178,6531738.85342599
01,Stockholms län,0192,Nynäshamn,1,25.1,666683.226962881,6528972.62660417
01,Stockholms län,0192,Nynäshamn,1,25.1,665823.606058743,6528040.42453988
01,Stockholms län,0192,Nynäshamn,1,25.1,664513.054316453,6522544.57487718
01,Stockholms län,0192,Nynäshamn,1,25.1,660909.575180087,6521391.36165826
01,Stockholms län,0192,Nynäshamn,1,25.1,660882.518761638,6522475.84750514
01,Stockholms län,0192,Nynäshamn,1,25.1,661858.247690474,6523895.3539983
01,Stockholms län,0192,Nynäshamn,1,25.1,662610.701831115,6525091.21318632
01,Stockholms län,0192,Nynäshamn,1,25.1,662775.495223806,6526848.89315783
01,Stockholms län,0192,Nynäshamn,1,25.1,661431.5491849,6529767.18434359
01,Stockholms län,0192,Nynäshamn,1,25.1,659936.21044064,6532388.68829674
01,Stockholms län,0192,Nynäshamn,1,25.1,658578.194748966,6533737.06839262
01,Stockholms län,0192,Nynäshamn,1,25.1,658143.732342867,6534859.63382329
01,Stockholms län,0192,Nynäshamn,1,25.1,658483.551765662,6535532.60904211
01,Stockholms län,0192,Nynäshamn,1,25.1,658522.008948382,6539721.32069944
01,Stockholms län,0192,Nynäshamn,1,25.1,657827.942784407,6540731.76097162
01,Stockholms län,0192,Nynäshamn,1,25.1,657873.097585112,6541630.15100129
01,Stockholms län,0192,Nynäshamn,1,25.1,658365.586237087,6542824.8820261
01,Stockholms län,0192,Nynäshamn,1,25.1,657728.857962002,6546042.61271844
01,Stockholms län,0192,Nynäshamn,1,25.1,657003.183481677,6547765.53727057
01,Stockholms län,0192,Nynäshamn,1,25.1,657013.108022547,6548848.46362962
01,Stockholms län,0192,Nynäshamn,1,25.1,657618.834105423,6550269.52345933
01,Stockholms län,0192,Nynäshamn,1,25.1,658257.996850257,6551240.07153356
01,Stockholms län,0192,Nynäshamn,1,25.1,658009.572204277,6552437.84772859
01,Stockholms län,0192,Nynäshamn,1,25.1,658354.704461676,6553745.78380219
22,Västernorrlands län,2282,Kramfors,1,250.1,616560.145871562,6994752.84642589
22,Västernorrlands län,2282,Kramfors,1,250.1,633750.102163837,7003052.84521153
22,Västernorrlands län,2282,Kramfors,1,250.1,639482.402502867,7002057.05264308
22,Västernorrlands län,2282,Kramfors,1,250.1,644046.818916136,7005212.74298262
22,Västernorrlands län,2282,Kramfors,1,250.1,650013.591163376,7006409.46283262
22,Västernorrlands län,2282,Kramfors,1,250.1,652256.412898731,7012356.47537637
22,Västernorrlands län,2282,Kramfors,1,250.1,669152.237455551,7004638.24403816
22,Västernorrlands län,2282,Kramfors,1,250.1,676792.640190684,6999484.11283311
22,Västernorrlands län,2282,Kramfors,1,250.1,676300.68608033,6994230.83602895
22,Västernorrlands län,2282,Kramfors,1,250.1,672035.009360399,6993865.35779709
22,Västernorrlands län,2282,Kramfors,1,250.1,671076.917557995,6990539.91480561
22,Västernorrlands län,2282,Kramfors,1,250.1,679419.804803853,6989477.7885309
22,Västernorrlands län,2282,Kramfors,1,250.1,677177.367989837,6981650.98472619
22,Västernorrlands län,2282,Kramfors,1,250.1,672198.469111962,6972697.11411513
22,Västernorrlands län,2282,Kramfors,1,250.1,666207.340937009,6976941.27148614
22,Västernorrlands län,2282,Kramfors,1,250.1,663741.410091764,6974577.79454878
22,Västernorrlands län,2282,Kramfors,1,250.1,666850.695784062,6971637.28731754
22,Västernorrlands län,2282,Kramfors,1,250.1,660006.547633213,6964084.94479289
22,Västernorrlands län,2282,Kramfors,1,250.1,653424.571134675,6965301.29116283
22,Västernorrlands län,2282,Kramfors,1,250.1,639033.549894886,6975112.03573149
22,Västernorrlands län,2282,Kramfors,1,250.1,626452.736704006,6974195.56236554
22,Västernorrlands län,2282,Kramfors,1,250.1,618767.305279261,6978277.32631164
22,Västernorrlands län,2282,Kramfors,1,250.1,616093.004125458,6980903.19251581
22,Västernorrlands län,2282,Kramfors,1,250.1,612932.121167605,6985258.53543921
22,Västernorrlands län,2282,Kramfors,1,250.1,612438.215361013,6991955.77015114
22,Västernorrlands län,2282,Kramfors,1,250.1,617878.401458412,6991999.0286446
22,Västernorrlands län,2282,Kramfors,1,250.1,616560.145871562,6994752.84642589
22,Västernorrlands län,2283,Sollefteå,1,251.1,613720.909174723,6977524.23356529
22,Västernorrlands län,2283,Sollefteå,1,251.1,610302.417413444,6971882.7216603
22,Västernorrlands län,2283,Sollefteå,1,251.1,602058.537576559,6982083.93208647
22,Västernorrlands län,2283,Sollefteå,1,251.1,580629.761226675,7007121.55465778
22,Västernorrlands län,2283,Sollefteå,1,251.1,556314.447532322,7028361.86333622
22,Västernorrlands län,2283,Sollefteå,1,251.1,556637.572931282,7035175.95331088
22,Västernorrlands län,2283,Sollefteå,1,251.1,552623.249462421,7037200.8056001
22,Västernorrlands län,2283,Sollefteå,1,251.1,549048.483424982,7035757.21458476
22,Västernorrlands län,2283,Sollefteå,1,251.1,548392.434427411,7043477.6495227
22,Västernorrlands län,2283,Sollefteå,1,251.1,549230.734185161,7048829.61651452
22,Västernorrlands län,2283,Sollefteå,1,251.1,539444.25004122,7060916.54299815
22,Västernorrlands län,2283,Sollefteå,1,251.1,543438.822175578,7062518.45214512
22,Västernorrlands län,2283,Sollefteå,1,251.1,548938.348931069,7059333.80126152
22,Västernorrlands län,2283,Sollefteå,1,251.1,554267.640686429,7064020.66948873
22,Västernorrlands län,2283,Sollefteå,1,251.1,561936.988276449,7060409.4824737
22,Västernorrlands län,2283,Sollefteå,1,251.1,564422.933539972,7062973.12955857
22,Västernorrlands län,2283,Sollefteå,1,251.1,567860.242761495,7061207.99455517
22,Västernorrlands län,2283,Sollefteå,1,251.1,579710.521517921,7066634.0662986
22,Västernorrlands län,2283,Sollefteå,1,251.1,577510.819470775,7078139.19219023
22,Västernorrlands län,2283,Sollefteå,1,251.1,577959.463930836,7086149.70766665
22,Västernorrlands län,2283,Sollefteå,1,251.1,584250.120652042,7101144.28257962
22,Västernorrlands län,2283,Sollefteå,1,251.1,590348.542041028,7094742.1202163
22,Västernorrlands län,2283,Sollefteå,1,251.1,610837.870289025,7091153.16982661
22,Västernorrlands län,2283,Sollefteå,1,251.1,614093.879019073,7087058.30392906
22,Västernorrlands län,2283,Sollefteå,1,251.1,607017.0769626,7086779.90334613
22,Västernorrlands län,2283,Sollefteå,1,251.1,608644.456678558,7079361.24836524
22,Västernorrlands län,2283,Sollefteå,1,251.1,611787.891107653,7078634.14341504
22,Västernorrlands län,2283,Sollefteå,1,251.1,609928.87564227,7074395.66438267
22,Västernorrlands län,2283,Sollefteå,1,251.1,610047.396405167,7067937.69625932
22,Västernorrlands län,2283,Sollefteå,1,251.1,613267.859719255,7069820.90771261
22,Västernorrlands län,2283,Sollefteå,1,251.1,614785.527654846,7067046.71869603
22,Västernorrlands län,2283,Sollefteå,1,251.1,612377.689716289,7061452.64617182
22,Västernorrlands län,2283,Sollefteå,1,251.1,615797.784044436,7053850.56316759
22,Västernorrlands län,2283,Sollefteå,1,251.1,612271.681575405,7050989.77043839
22,Västernorrlands län,2283,Sollefteå,1,251.1,613553.192355789,7042197.99493256
22,Västernorrlands län,2283,Sollefteå,1,251.1,620106.505392115,7045147.88403338
22,Västernorrlands län,2283,Sollefteå,1,251.1,623348.004019823,7028295.52494364
22,Västernorrlands län,2283,Sollefteå,1,251.1,627140.883339399,7026092.744267
22,Västernorrlands län,2283,Sollefteå,1,251.1,627450.518550222,7021426.66969276
22,Västernorrlands län,2283,Sollefteå,1,251.1,641432.600830626,7020387.76933191
22,Västernorrlands län,2283,Sollefteå,1,251.1,652256.412898731,7012356.47537637
22,Västernorrlands län,2283,Sollefteå,1,251.1,650013.591163376,7006409.46283262
22,Västernorrlands län,2283,Sollefteå,1,251.1,644046.818916136,7005212.74298262
22,Västernorrlands län,2283,Sollefteå,1,251.1,639482.402502867,7002057.05264308
22,Västernorrlands län,2283,Sollefteå,1,251.1,633750.102163837,7003052.84521153
22,Västernorrlands län,2283,Sollefteå,1,251.1,616560.145871562,6994752.84642589
22,Västernorrlands län,2283,Sollefteå,1,251.1,617878.401458412,6991999.0286446
22,Västernorrlands län,2283,Sollefteå,1,251.1,612438.215361013,6991955.77015114
22,Västernorrlands län,2283,Sollefteå,1,251.1,612932.121167605,6985258.53543921
22,Västernorrlands län,2283,Sollefteå,1,251.1,616093.004125458,6980903.19251581
22,Västernorrlands län,2283,Sollefteå,1,251.1,618767.305279261,6978277.32631164
22,Västernorrlands län,2283,Sollefteå,1,251.1,613720.909174723,6977524.23356529
22,Västernorrlands län,2284,Örnsköldsvik,1,252.1,687157.469245017,7079929.25590958
22,Västernorrlands län,2284,Örnsköldsvik,1,252.1,692152.336859336,7080825.23878252
22,Västernorrlands län,2284,Örnsköldsvik,1,252.1,695397.788713945,7077267.81095275
22,Västernorrlands län,2284,Örnsköldsvik,1,252.1,707268.414185796,7060130.24654341
22,Västernorrlands län,2284,Örnsköldsvik,1,252.1,707378.994144501,7055486.30691412
22,Västernorrlands län,2284,Örnsköldsvik,1,252.1,713026.480932534,7046106.83210201
22,Västernorrlands län,2284,Örnsköldsvik,1,252.1,711565.560901582,7030478.5740321
22,Västernorrlands län,2284,Örnsköldsvik,1,252.1,705955.974033723,7028840.18020725
22,Västernorrlands län,2284,Örnsköldsvik,1,252.1,705777.355665954,7019593.25248893
22,Västernorrlands län,2284,Örnsköldsvik,1,252.1,702018.431245557,7014541.71072373
22,Västernorrlands län,2284,Örnsköldsvik,1,252.1,697692.050572218,7017405.88016498
22,Västernorrlands län,2284,Örnsköldsvik,1,252.1,687222.006581362,7009824.42846462
22,Västernorrlands län,2284,Örnsköldsvik,1,252.1,681602.722262499,7009999.7741681
22,Västernorrlands län,2284,Örnsköldsvik,1,252.1,676792.640190684,6999484.11283311
22,Västernorrlands län,2284,Örnsköldsvik,1,252.1,669152.237455551,7004638.24403816
22,Västernorrlands län,2284,Örnsköldsvik,1,252.1,652256.412898731,7012356.47537637
22,Västernorrlands län,2284,Örnsköldsvik,1,252.1,641432.600830626,7020387.76933191
22,Västernorrlands län,2284,Örnsköldsvik,1,252.1,627450.518550222,7021426.66969276
22,Västernorrlands län,2284,Örnsköldsvik,1,252.1,627140.883339399,7026092.744267
22,Västernorrlands län,2284,Örnsköldsvik,1,252.1,623348.004019823,7028295.52494364
22,Västernorrlands län,2284,Örnsköldsvik,1,252.1,620106.505392115,7045147.88403338
22,Västernorrlands län,2284,Örnsköldsvik,1,252.1,613553.192355789,7042197.99493256
22,Västernorrlands län,2284,Örnsköldsvik,1,252.1,612271.681575405,7050989.77043839
22,Västernorrlands län,2284,Örnsköldsvik,1,252.1,615797.784044436,7053850.56316759
22,Västernorrlands län,2284,Örnsköldsvik,1,252.1,612377.689716289,7061452.64617182
22,Västernorrlands län,2284,Örnsköldsvik,1,252.1,614785.527654846,7067046.71869603
22,Västernorrlands län,2284,Örnsköldsvik,1,252.1,613267.859719255,7069820.90771261
22,Västernorrlands län,2284,Örnsköldsvik,1,252.1,610047.396405167,7067937.69625932
22,Västernorrlands län,2284,Örnsköldsvik,1,252.1,609928.87564227,7074395.66438267
22,Västernorrlands län,2284,Örnsköldsvik,1,252.1,611787.891107653,7078634.14341504
22,Västernorrlands län,2284,Örnsköldsvik,1,252.1,608644.456678558,7079361.24836524
22,Västernorrlands län,2284,Örnsköldsvik,1,252.1,607017.0769626,7086779.90334613
22,Västernorrlands län,2284,Örnsköldsvik,1,252.1,614093.879019073,7087058.30392906
22,Västernorrlands län,2284,Örnsköldsvik,1,252.1,610837.870289025,7091153.16982661
22,Västernorrlands län,2284,Örnsköldsvik,1,252.1,632910.50227845,7087939.00869484
22,Västernorrlands län,2284,Örnsköldsvik,1,252.1,665310.005023006,7102325.02707974
22,Västernorrlands län,2284,Örnsköldsvik,1,252.1,670019.730402968,7098012.4200246
22,Västernorrlands län,2284,Örnsköldsvik,1,252.1,667898.057513576,7093195.44951439
22,Västernorrlands län,2284,Örnsköldsvik,1,252.1,671453.402730559,7084972.89640205
22,Västernorrlands län,2284,Örnsköldsvik,1,252.1,678622.476828994,7084234.65444508
22,Västernorrlands län,2284,Örnsköldsvik,1,252.1,684533.828313067,7083020.58441879
22,Västernorrlands län,2284,Örnsköldsvik,1,252.1,687157.469245017,7079929.25590958
23,Jämtlands län,2303,Ragunda,1,253.1,524301.635012547,7026425.584583
23,Jämtlands län,2303,Ragunda,1,253.1,527821.520080172,7034924.17141813
23,Jämtlands län,2303,Ragunda,1,253.1,532655.836843239,7036842.44281969
23,Jämtlands län,2303,Ragunda,1,253.1,538837.512410608,7043860.13806214
23,Jämtlands län,2303,Ragunda,1,253.1,548392.434427411,7043477.6495227
23,Jämtlands län,2303,Ragunda,1,253.1,549048.483424982,7035757.21458476
23,Jämtlands län,2303,Ragunda,1,253.1,552623.249462421,7037200.8056001
23,Jämtlands län,2303,Ragunda,1,253.1,556637.572931282,7035175.95331088
23,Jämtlands län,2303,Ragunda,1,253.1,556314.447532322,7028361.86333622
23,Jämtlands län,2303,Ragunda,1,253.1,580629.761226675,7007121.55465778
23,Jämtlands län,2303,Ragunda,1,253.1,602058.537576559,6982083.93208647
23,Jämtlands län,2303,Ragunda,1,253.1,584298.856817245,6979149.0085949
23,Jämtlands län,2303,Ragunda,1,253.1,575045.452915049,6966609.42859667
23,Jämtlands län,2303,Ragunda,1,253.1,573057.40645992,6975676.04006244
23,Jämtlands län,2303,Ragunda,1,253.1,570630.018361075,6979350.59744918
23,Jämtlands län,2303,Ragunda,1,253.1,572829.281314304,6986777.13185824
23,Jämtlands län,2303,Ragunda,1,253.1,567953.919368717,6993926.97374289
23,Jämtlands län,2303,Ragunda,1,253.1,557839.65009951,6995372.61343038
23,Jämtlands län,2303,Ragunda,1,253.1,553351.781167537,6994829.43664425
23,Jämtlands län,2303,Ragunda,1,253.1,551331.536506094,6996648.53736482
23,Jämtlands län,2303,Ragunda,1,253.1,549157.870157756,6993248.26468211
23,Jämtlands län,2303,Ragunda,1,253.1,545984.431531764,6995589.73388282
23,Jämtlands län,2303,Ragunda,1,253.1,538624.905157194,6994535.6724913
23,Jämtlands län,2303,Ragunda,1,253.1,535540.253295797,6992034.73302491
23,Jämtlands län,2303,Ragunda,1,253.1,531214.682903375,6994897.54305656
23,Jämtlands län,2303,Ragunda,1,253.1,526486.750493559,6993976.48719167
23,Jämtlands län,2303,Ragunda,1,253.1,521157.483499842,6998755.04148704
23,Jämtlands län,2303,Ragunda,1,253.1,516157.548085408,7002225.112615
23,Jämtlands län,2303,Ragunda,1,253.1,515589.969538636,7006982.40403778
23,Jämtlands län,2303,Ragunda,1,253.1,511722.370134894,7006575.94369882
23,Jämtlands län,2303,Ragunda,1,253.1,511646.229774508,7013431.68446811
23,Jämtlands län,2303,Ragunda,1,253.1,517116.129748693,7021326.84415749
23,Jämtlands län,2303,Ragunda,1,253.1,523690.424544271,7015009.58673134
23,Jämtlands län,2303,Ragunda,1,253.1,527335.463370514,7020877.5370057
23,Jämtlands län,2303,Ragunda,1,253.1,524301.635012547,7026425.584583
23,Jämtlands län,2305,Bräcke,1,254.1,557727.592275165,6952686.57841714
23,Jämtlands län,2305,Bräcke,1,254.1,549270.583514866,6954565.22157875
23,Jämtlands län,2305,Bräcke,1,254.1,530538.748072919,6945018.88622429
23,Jämtlands län,2305,Bräcke,1,254.1,513146.38861077,6942382.31507661
23,Jämtlands län,2305,Bräcke,1,254.1,507261.198761039,6938156.19714503
23,Jämtlands län,2305,Bräcke,1,254.1,503995.352541153,6941514.23066486
23,Jämtlands län,2305,Bräcke,1,254.1,495712.874967527,6942503.35839469
23,Jämtlands län,2305,Bräcke,1,254.1,493010.343800162,6949899.93994796
23,Jämtlands län,2305,Bräcke,1,254.1,493539.856690446,6954879.79093825
23,Jämtlands län,2305,Bräcke,1,254.1,489035.883422385,6957962.32231983
23,Jämtlands län,2305,Bräcke,1,254.1,487346.103529912,6964782.7156787
23,Jämtlands län,2305,Bräcke,1,254.1,490459.872693627,6965670.3954087105
23,Jämtlands län,2305,Bräcke,1,254.1,488523.143326986,6975201.7103787
23,Jämtlands län,2305,Bräcke,1,254.1,487856.407218786,6979028.97404821
23,Jämtlands län,2305,Bräcke,1,254.1,493766.512289352,6977815.50180404
23,Jämtlands län,2305,Bräcke,1,254.1,496405.669770955,6976133.18129564
23,Jämtlands län,2305,Bräcke,1,254.1,502736.007796845,6984543.61983862
23,Jämtlands län,2305,Bräcke,1,254.1,500783.353519408,6990786.96955087
23,Jämtlands län,2305,Bräcke,1,254.1,503049.643613197,6993171.58972513
23,Jämtlands län,2305,Bräcke,1,254.1,505573.635632938,6992306.5582243
23,Jämtlands län,2305,Bräcke,1,254.1,506639.032377436,6996627.45577537
23,Jämtlands län,2305,Bräcke,1,254.1,505197.901102853,7002012.52309278
23,Jämtlands län,2305,Bräcke,1,254.1,513633.15451684,6999934.1668015
23,Jämtlands län,2305,Bräcke,1,254.1,516157.548085408,7002225.112615
23,Jämtlands län,2305,Bräcke,1,254.1,521157.483499842,6998755.04148704
23,Jämtlands län,2305,Bräcke,1,254.1,526486.750493559,6993976.48719167
23,Jämtlands län,2305,Bräcke,1,254.1,531214.682903375,6994897.54305656
23,Jämtlands län,2305,Bräcke,1,254.1,535540.253295797,6992034.73302491
23,Jämtlands län,2305,Bräcke,1,254.1,538624.905157194,6994535.6724913
23,Jämtlands län,2305,Bräcke,1,254.1,545984.431531764,6995589.73388282
23,Jämtlands län,2305,Bräcke,1,254.1,549157.870157756,6993248.26468211
23,Jämtlands län,2305,Bräcke,1,254.1,551331.536506094,6996648.53736482
23,Jämtlands län,2305,Bräcke,1,254.1,553351.781167537,6994829.43664425
23,Jämtlands län,2305,Bräcke,1,254.1,557839.65009951,6995372.61343038
23,Jämtlands län,2305,Bräcke,1,254.1,567953.919368717,6993926.97374289
23,Jämtlands län,2305,Bräcke,1,254.1,572829.281314304,6986777.13185824
23,Jämtlands län,2305,Bräcke,1,254.1,570630.018361075,6979350.59744918
23,Jämtlands län,2305,Bräcke,1,254.1,573057.40645992,6975676.04006244
23,Jämtlands län,2305,Bräcke,1,254.1,575045.452915049,6966609.42859667
23,Jämtlands län,2305,Bräcke,1,254.1,571332.295547081,6961352.37238981
23,Jämtlands län,2305,Bräcke,1,254.1,569987.5608932,6953769.64625397
23,Jämtlands län,2305,Bräcke,1,254.1,564061.12626887,6955456.02404594
23,Jämtlands län,2305,Bräcke,1,254.1,557727.592275165,6952686.57841714
23,Jämtlands län,2309,Krokom,1,255.1,436834.502617402,7103112.56367906
23,Jämtlands län,2309,Krokom,1,255.1,449281.46257143,7099009.77948007
23,Jämtlands län,2309,Krokom,1,255.1,459333.178733591,7119724.06064425
23,Jämtlands län,2309,Krokom,1,255.1,458066.131498582,7142544.2319429
23,Jämtlands län,2309,Krokom,1,255.1,463698.635397775,7136191.1590917
23,Jämtlands län,2309,Krokom,1,255.1,488742.860048784,7129381.43115819
23,Jämtlands län,2309,Krokom,1,255.1,494070.056414869,7111310.32494412
23,Jämtlands län,2309,Krokom,1,255.1,496552.180663557,7110048.20519037
23,Jämtlands län,2309,Krokom,1,255.1,498357.262769004,7102410.71608483
23,Jämtlands län,2309,Krokom,1,255.1,495493.653472757,7100088.2809573
23,Jämtlands län,2309,Krokom,1,255.1,498175.716308879,7089338.9488736
23,Jämtlands län,2309,Krokom,1,255.1,501590.363741372,7087375.80326072
23,Jämtlands län,2309,Krokom,1,255.1,503302.486319018,7080753.71668019
23,Jämtlands län,2309,Krokom,1,255.1,496829.263858358,7074774.98732469
23,Jämtlands län,2309,Krokom,1,255.1,495648.247299063,7067444.63545687
23,Jämtlands län,2309,Krokom,1,255.1,495869.354858059,7058158.67864399
23,Jämtlands län,2309,Krokom,1,255.1,496226.294941804,7052683.08637056
23,Jämtlands län,2309,Krokom,1,255.1,493407.16274660203,7050155.43305246
23,Jämtlands län,2309,Krokom,1,255.1,488954.713084428,7051822.6987283
23,Jämtlands län,2309,Krokom,1,255.1,486077.408849452,7047486.97746314
23,Jämtlands län,2309,Krokom,1,255.1,477152.130194506,7050622.31020907
23,Jämtlands län,2309,Krokom,1,255.1,478587.695780658,7041411.7922986
23,Jämtlands län,2309,Krokom,1,255.1,475625.442892826,7036279.37205603
23,Jämtlands län,2309,Krokom,1,255.1,482176.23939641,7025937.64075112
23,Jämtlands län,2309,Krokom,1,255.1,482244.65537015,7020895.33645287
23,Jämtlands län,2309,Krokom,1,255.1,487400.01395685,7020162.45310188
23,Jämtlands län,2309,Krokom,1,255.1,486780.98115421,7010559.12187921
23,Jämtlands län,2309,Krokom,1,255.1,479484.380572433,7010102.57539436
23,Jämtlands län,2309,Krokom,1,255.1,473808.665262182,7013507.96475653
23,Jämtlands län,2309,Krokom,1,255.1,470474.316242406,7012442.44668514
23,Jämtlands län,2309,Krokom,1,255.1,465302.457673282,7016801.76443915
23,Jämtlands län,2309,Krokom,1,255.1,458544.948110947,7019513.72822201
23,Jämtlands län,2309,Krokom,1,255.1,450225.311807466,7022049.07602126
23,Jämtlands län,2309,Krokom,1,255.1,441112.958435169,7025942.84056183
23,Jämtlands län,2309,Krokom,1,255.1,437045.47452629,7025556.80557533
23,Jämtlands län,2309,Krokom,1,255.1,428814.807467635,7031439.76396826
23,Jämtlands län,2309,Krokom,1,255.1,423471.21095381,7034206.31160831
23,Jämtlands län,2309,Krokom,1,255.1,422964.425136641,7038889.95265885
23,Jämtlands län,2309,Krokom,1,255.1,425251.886818585,7041474.68774397
23,Jämtlands län,2309,Krokom,1,255.1,425208.617853277,7050540.33533916
23,Jämtlands län,2309,Krokom,1,255.1,423656.756468771,7060568.54720518
23,Jämtlands län,2309,Krokom,1,255.1,423313.433258905,7072485.20530569
23,Jämtlands län,2309,Krokom,1,255.1,420119.716737701,7074626.95064484
23,Jämtlands län,2309,Krokom,1,255.1,416967.306797086,7086632.00916095
23,Jämtlands län,2309,Krokom,1,255.1,416195.84629714,7107789.2477447
23,Jämtlands län,2309,Krokom,1,255.1,436834.502617402,7103112.56367906
23,Jämtlands län,2313,Strömsund,1,256.1,524301.635012547,7026425.584583
23,Jämtlands län,2313,Strömsund,1,256.1,520391.032555551,7025620.64156263
23,Jämtlands län,2313,Strömsund,1,256.1,516446.157072984,7032069.86848825
23,Jämtlands län,2313,Strömsund,1,256.1,507210.011656635,7039869.93904666
23,Jämtlands län,2313,Strömsund,1,256.1,504252.470119657,7038564.12907094
23,Jämtlands län,2313,Strömsund,1,256.1,502672.593521708,7040740.4785515
23,Jämtlands län,2313,Strömsund,1,256.1,504689.770780373,7044560.59220813
23,Jämtlands län,2313,Strömsund,1,256.1,496226.294941804,7052683.08637056
23,Jämtlands län,2313,Strömsund,1,256.1,495869.354858059,7058158.67864399
23,Jämtlands län,2313,Strömsund,1,256.1,495648.247299063,7067444.63545687
23,Jämtlands län,2313,Strömsund,1,256.1,496829.263858358,7074774.98732469
23,Jämtlands län,2313,Strömsund,1,256.1,503302.486319018,7080753.71668019
23,Jämtlands län,2313,Strömsund,1,256.1,501590.363741372,7087375.80326072
23,Jämtlands län,2313,Strömsund,1,256.1,498175.716308879,7089338.9488736
23,Jämtlands län,2313,Strömsund,1,256.1,495493.653472757,7100088.2809573
23,Jämtlands län,2313,Strömsund,1,256.1,498357.262769004,7102410.71608483
23,Jämtlands län,2313,Strömsund,1,256.1,496552.180663557,7110048.20519037
23,Jämtlands län,2313,Strömsund,1,256.1,494070.056414869,7111310.32494412
23,Jämtlands län,2313,Strömsund,1,256.1,488742.860048784,7129381.43115819
23,Jämtlands län,2313,Strömsund,1,256.1,463698.635397775,7136191.1590917
23,Jämtlands län,2313,Strömsund,1,256.1,458066.131498582,7142544.2319429
23,Jämtlands län,2313,Strömsund,1,256.1,457864.105850408,7149480.01020094
23,Jämtlands län,2313,Strömsund,1,256.1,455728.412961445,7152117.8573029
23,Jämtlands län,2313,Strömsund,1,256.1,447955.235462847,7154730.05283855
23,Jämtlands län,2313,Strömsund,1,256.1,435993.591234311,7163413.5010715
23,Jämtlands län,2313,Strömsund,1,256.1,462874.781997451,7215623.70312174
23,Jämtlands län,2313,Strömsund,1,256.1,468579.565542636,7223225.72216486
23,Jämtlands län,2313,Strömsund,1,256.1,482134.851625888,7211225.17115694
23,Jämtlands län,2313,Strömsund,1,256.1,484659.980936485,7210360.69880774
23,Jämtlands län,2313,Strömsund,1,256.1,486811.894250423,7207251.26309179
23,Jämtlands län,2313,Strömsund,1,256.1,490156.48991046,7203349.30756329
23,Jämtlands län,2313,Strömsund,1,256.1,489910.183650836,7199145.64394387
23,Jämtlands län,2313,Strömsund,1,256.1,493647.707688366,7194530.90785334
23,Jämtlands län,2313,Strömsund,1,256.1,497652.014463978,7194320.01860158
23,Jämtlands län,2313,Strömsund,1,256.1,501503.893366794,7188889.96716134
23,Jämtlands län,2313,Strömsund,1,256.1,502220.697563308,7182370.32021134
23,Jämtlands län,2313,Strömsund,1,256.1,511041.314126451,7178240.01732987
23,Jämtlands län,2313,Strömsund,1,256.1,515898.242287089,7170891.26367398
23,Jämtlands län,2313,Strömsund,1,256.1,512637.345251275,7168609.52619923
23,Jämtlands län,2313,Strömsund,1,256.1,516029.732757364,7166447.39270457
23,Jämtlands län,2313,Strömsund,1,256.1,517306.397576014,7163295.65951809
23,Jämtlands län,2313,Strömsund,1,256.1,520220.907775962,7164203.42233555
23,Jämtlands län,2313,Strömsund,1,256.1,520322.872494792,7161372.64328683
23,Jämtlands län,2313,Strömsund,1,256.1,526051.286940656,7156554.01350652
23,Jämtlands län,2313,Strömsund,1,256.1,527573.723422641,7148139.03030896
23,Jämtlands län,2313,Strömsund,1,256.1,530780.335563529,7148010.79625305
23,Jämtlands län,2313,Strömsund,1,256.1,530077.174753754,7156541.18079828
23,Jämtlands län,2313,Strömsund,1,256.1,533715.082365707,7158582.78346128
23,Jämtlands län,2313,Strömsund,1,256.1,536026.285571408,7151901.22349302
23,Jämtlands län,2313,Strömsund,1,256.1,536500.737943135,7145004.38987354
23,Jämtlands län,2313,Strömsund,1,256.1,549678.032258853,7136396.27402041
23,Jämtlands län,2313,Strömsund,1,256.1,550027.58969997,7128304.10242633
23,Jämtlands län,2313,Strömsund,1,256.1,558382.070147832,7129256.7876989
23,Jämtlands län,2313,Strömsund,1,256.1,584250.120652042,7101144.28257962
23,Jämtlands län,2313,Strömsund,1,256.1,577959.463930836,7086149.70766665
23,Jämtlands län,2313,Strömsund,1,256.1,577510.819470775,7078139.19219023
23,Jämtlands län,2313,Strömsund,1,256.1,579710.521517921,7066634.0662986
23,Jämtlands län,2313,Strömsund,1,256.1,567860.242761495,7061207.99455517
23,Jämtlands län,2313,Strömsund,1,256.1,564422.933539972,7062973.12955857
23,Jämtlands län,2313,Strömsund,1,256.1,561936.988276449,7060409.4824737
23,Jämtlands län,2313,Strömsund,1,256.1,554267.640686429,7064020.66948873
23,Jämtlands län,2313,Strömsund,1,256.1,548938.348931069,7059333.80126152
23,Jämtlands län,2313,Strömsund,1,256.1,543438.822175578,7062518.45214512
23,Jämtlands län,2313,Strömsund,1,256.1,539444.25004122,7060916.54299815
23,Jämtlands län,2313,Strömsund,1,256.1,549230.734185161,7048829.61651452
23,Jämtlands län,2313,Strömsund,1,256.1,548392.434427411,7043477.6495227
23,Jämtlands län,2313,Strömsund,1,256.1,538837.512410608,7043860.13806214
23,Jämtlands län,2313,Strömsund,1,256.1,532655.836843239,7036842.44281969
23,Jämtlands län,2313,Strömsund,1,256.1,527821.520080172,7034924.17141813
23,Jämtlands län,2313,Strömsund,1,256.1,524301.635012547,7026425.584583
23,Jämtlands län,2321,Åre,1,257.1,437045.47452629,7025556.80557533
23,Jämtlands län,2321,Åre,1,257.1,441112.958435169,7025942.84056183
23,Jämtlands län,2321,Åre,1,257.1,450225.311807466,7022049.07602126
23,Jämtlands län,2321,Åre,1,257.1,457201.483978093,7008776.01165753
23,Jämtlands län,2321,Åre,1,257.1,452139.034683004,7008492.49723461
23,Jämtlands län,2321,Åre,1,257.1,456180.167019162,7004853.71287483
23,Jämtlands län,2321,Åre,1,257.1,462182.865274671,7002622.98435796
23,Jämtlands län,2321,Åre,1,257.1,467021.738033699,6998903.19054196
23,Jämtlands län,2321,Åre,1,257.1,468122.344897906,6993485.06148415
23,Jämtlands län,2321,Åre,1,257.1,460493.565520754,6990513.45171029
23,Jämtlands län,2321,Åre,1,257.1,454711.593964052,6992921.94337428
23,Jämtlands län,2321,Åre,1,257.1,435370.883291439,6990889.99110508
23,Jämtlands län,2321,Åre,1,257.1,433989.375401204,6993046.75553306
23,Jämtlands län,2321,Åre,1,257.1,424348.040573534,6993235.64517129
23,Jämtlands län,2321,Åre,1,257.1,416663.290462302,6991007.12367184
23,Jämtlands län,2321,Åre,1,257.1,411905.668185211,6991699.09577481
23,Jämtlands län,2321,Åre,1,257.1,401679.550767342,6984497.93498134
23,Jämtlands län,2321,Åre,1,257.1,380248.771897951,6985499.56317956
23,Jämtlands län,2321,Åre,1,257.1,351361.165181161,6978209.63885093
23,Jämtlands län,2321,Åre,1,257.1,357992.527280029,6988199.93310333
23,Jämtlands län,2321,Åre,1,257.1,347588.581469607,7019075.91660291
23,Jämtlands län,2321,Åre,1,257.1,360398.743194885,7041112.45477452
23,Jämtlands län,2321,Åre,1,257.1,357730.076760162,7053874.61113213
23,Jämtlands län,2321,Åre,1,257.1,365032.247541413,7061980.88340743
23,Jämtlands län,2321,Åre,1,257.1,366485.610641831,7068073.33365211
23,Jämtlands län,2321,Åre,1,257.1,369938.502056189,7072148.01989535
23,Jämtlands län,2321,Åre,1,257.1,385346.558070389,7095932.84441492
23,Jämtlands län,2321,Åre,1,257.1,396098.906220112,7104290.22353917
23,Jämtlands län,2321,Åre,1,257.1,411289.014115181,7108967.58111899
23,Jämtlands län,2321,Åre,1,257.1,416195.84629714,7107789.2477447
23,Jämtlands län,2321,Åre,1,257.1,416967.306797086,7086632.00916095
23,Jämtlands län,2321,Åre,1,257.1,420119.716737701,7074626.95064484
23,Jämtlands län,2321,Åre,1,257.1,423313.433258905,7072485.20530569
23,Jämtlands län,2321,Åre,1,257.1,423656.756468771,7060568.54720518
23,Jämtlands län,2321,Åre,1,257.1,425208.617853277,7050540.33533916
23,Jämtlands län,2321,Åre,1,257.1,425251.886818585,7041474.68774397
23,Jämtlands län,2321,Åre,1,257.1,422964.425136641,7038889.95265885
23,Jämtlands län,2321,Åre,1,257.1,423471.21095381,7034206.31160831
23,Jämtlands län,2321,Åre,1,257.1,428814.807467635,7031439.76396826
23,Jämtlands län,2321,Åre,1,257.1,437045.47452629,7025556.80557533
23,Jämtlands län,2326,Berg,1,258.1,493010.343800162,6949899.93994796
23,Jämtlands län,2326,Berg,1,258.1,495712.874967527,6942503.35839469
23,Jämtlands län,2326,Berg,1,258.1,489467.362984166,6941202.74818546
23,Jämtlands län,2326,Berg,1,258.1,489763.703827032,6934524.84945886
23,Jämtlands län,2326,Berg,1,258.1,491503.912196133,6926290.53800188
23,Jämtlands län,2326,Berg,1,258.1,488674.318021804,6926179.25627977
23,Jämtlands län,2326,Berg,1,258.1,489952.22589271,6920541.23275824
23,Jämtlands län,2326,Berg,1,258.1,477131.448468231,6906627.43877925
23,Jämtlands län,2326,Berg,1,258.1,471946.132403537,6908974.91385879
23,Jämtlands län,2326,Berg,1,258.1,466066.366685078,6908574.76526162
23,Jämtlands län,2326,Berg,1,258.1,457683.268943709,6918705.26926359
23,Jämtlands län,2326,Berg,1,258.1,450046.217564776,6930166.38876018
23,Jämtlands län,2326,Berg,1,258.1,448217.531560353,6943244.29956455
23,Jämtlands län,2326,Berg,1,258.1,442108.56557178,6944478.41785874
23,Jämtlands län,2326,Berg,1,258.1,443079.399339677,6949817.38449836
23,Jämtlands län,2326,Berg,1,258.1,439762.029745617,6954589.93256067
23,Jämtlands län,2326,Berg,1,258.1,432156.95161591,6949332.94584593
23,Jämtlands län,2326,Berg,1,258.1,428573.824636857,6949702.97087724
23,Jämtlands län,2326,Berg,1,258.1,422825.435871485,6954324.08593915
23,Jämtlands län,2326,Berg,1,258.1,419614.610034009,6960091.42087688
23,Jämtlands län,2326,Berg,1,258.1,417191.252581981,6958126.91987127
23,Jämtlands län,2326,Berg,1,258.1,416334.65476612,6951972.86424296
23,Jämtlands län,2326,Berg,1,258.1,421316.477407443,6945819.8356534
23,Jämtlands län,2326,Berg,1,258.1,417236.23879713,6943420.8411231805
23,Jämtlands län,2326,Berg,1,258.1,412059.802940855,6943955.87814116
23,Jämtlands län,2326,Berg,1,258.1,411971.26634859,6948798.65529116
23,Jämtlands län,2326,Berg,1,258.1,407519.363725594,6950466.22012095
23,Jämtlands län,2326,Berg,1,258.1,404757.615315436,6954778.74812152
23,Jämtlands län,2326,Berg,1,258.1,400334.93430713,6954831.36544905
23,Jämtlands län,2326,Berg,1,258.1,397781.042117649,6957311.27296215
23,Jämtlands län,2326,Berg,1,258.1,394738.749179635,6955208.14352746
23,Jämtlands län,2326,Berg,1,258.1,394378.288024217,6951822.17329158
23,Jämtlands län,2326,Berg,1,258.1,387863.613203034,6954911.21967713
23,Jämtlands län,2326,Berg,1,258.1,379396.227265196,6954778.28380462
23,Jämtlands län,2326,Berg,1,258.1,371669.245637803,6961617.28878327
23,Jämtlands län,2326,Berg,1,258.1,353437.00257575,6961148.13819319
23,Jämtlands län,2326,Berg,1,258.1,351361.165181161,6978209.63885093
23,Jämtlands län,2326,Berg,1,258.1,380248.771897951,6985499.56317956
23,Jämtlands län,2326,Berg,1,258.1,401679.550767342,6984497.93498134
23,Jämtlands län,2326,Berg,1,258.1,411905.668185211,6991699.09577481
23,Jämtlands län,2326,Berg,1,258.1,416663.290462302,6991007.12367184
23,Jämtlands län,2326,Berg,1,258.1,424348.040573534,6993235.64517129
23,Jämtlands län,2326,Berg,1,258.1,433989.375401204,6993046.75553306
23,Jämtlands län,2326,Berg,1,258.1,435370.883291439,6990889.99110508
23,Jämtlands län,2326,Berg,1,258.1,454711.593964052,6992921.94337428
23,Jämtlands län,2326,Berg,1,258.1,460493.565520754,6990513.45171029
23,Jämtlands län,2326,Berg,1,258.1,468122.344897906,6993485.06148415
23,Jämtlands län,2326,Berg,1,258.1,470758.05711655,6984822.41629081
23,Jämtlands län,2326,Berg,1,258.1,470727.52515656,6976970.99191913
23,Jämtlands län,2326,Berg,1,258.1,467413.645910395,6976103.77781535
23,Jämtlands län,2326,Berg,1,258.1,470351.271592416,6967745.76084385
23,Jämtlands län,2326,Berg,1,258.1,473565.412794552,6965801.75245121
23,Jämtlands län,2326,Berg,1,258.1,475891.51951733,6974423.67225666
23,Jämtlands län,2326,Berg,1,258.1,474067.375363023,6986292.37136276
23,Jämtlands län,2326,Berg,1,258.1,479319.959482141,6983938.1365029
23,Jämtlands län,2326,Berg,1,258.1,480234.617026971,6977399.01170459
23,Jämtlands län,2326,Berg,1,258.1,488523.143326986,6975201.7103787
23,Jämtlands län,2326,Berg,1,258.1,490459.872693627,6965670.3954087105
23,Jämtlands län,2326,Berg,1,258.1,487346.103529912,6964782.7156787
23,Jämtlands län,2326,Berg,1,258.1,489035.883422385,6957962.32231983
23,Jämtlands län,2326,Berg,1,258.1,493539.856690446,6954879.79093825
23,Jämtlands län,2326,Berg,1,258.1,493010.343800162,6949899.93994796
23,Jämtlands län,2361,Härjedalen,1,259.1,441207.580724229,6835821.77682943
23,Jämtlands län,2361,Härjedalen,1,259.1,426580.536774719,6838339.42781981
23,Jämtlands län,2361,Härjedalen,1,259.1,423979.283370104,6836593.93858401
23,Jämtlands län,2361,Härjedalen,1,259.1,420997.318784596,6840729.18124229
23,Jämtlands län,2361,Härjedalen,1,259.1,421527.319645494,6845709.59006263
23,Jämtlands län,2361,Härjedalen,1,259.1,416573.189724325,6855886.68675283
23,Jämtlands län,2361,Härjedalen,1,259.1,406014.224401181,6868256.04958597
23,Jämtlands län,2361,Härjedalen,1,259.1,414732.898314345,6876416.82167641
23,Jämtlands län,2361,Härjedalen,1,259.1,412209.247037654,6877282.05204335
23,Jämtlands län,2361,Härjedalen,1,259.1,410926.044777218,6882247.89189651
23,Jämtlands län,2361,Härjedalen,1,259.1,403690.097308762,6878564.51793923
23,Jämtlands län,2361,Härjedalen,1,259.1,397557.81181259,6885240.19066029
23,Jämtlands län,2361,Härjedalen,1,259.1,392660.545898206,6892189.03570492
23,Jämtlands län,2361,Härjedalen,1,259.1,385431.214740792,6901795.50936287
23,Jämtlands län,2361,Härjedalen,1,259.1,376102.678113892,6901148.54955669
23,Jämtlands län,2361,Härjedalen,1,259.1,359939.029154272,6906241.55928434
23,Jämtlands län,2361,Härjedalen,1,259.1,348699.664710306,6946267.25769494
23,Jämtlands län,2361,Härjedalen,1,259.1,353437.00257575,6961148.13819319
23,Jämtlands län,2361,Härjedalen,1,259.1,371669.245637803,6961617.28878327
23,Jämtlands län,2361,Härjedalen,1,259.1,379396.227265196,6954778.28380462
23,Jämtlands län,2361,Härjedalen,1,259.1,387863.613203034,6954911.21967713
23,Jämtlands län,2361,Härjedalen,1,259.1,394378.288024217,6951822.17329158
23,Jämtlands län,2361,Härjedalen,1,259.1,394738.749179635,6955208.14352746
23,Jämtlands län,2361,Härjedalen,1,259.1,397781.042117649,6957311.27296215
23,Jämtlands län,2361,Härjedalen,1,259.1,400334.93430713,6954831.36544905
23,Jämtlands län,2361,Härjedalen,1,259.1,404757.615315436,6954778.74812152
23,Jämtlands län,2361,Härjedalen,1,259.1,407519.363725594,6950466.22012095
23,Jämtlands län,2361,Härjedalen,1,259.1,411971.26634859,6948798.65529116
23,Jämtlands län,2361,Härjedalen,1,259.1,412059.802940855,6943955.87814116
23,Jämtlands län,2361,Härjedalen,1,259.1,417236.23879713,6943420.8411231805
23,Jämtlands län,2361,Härjedalen,1,259.1,421316.477407443,6945819.8356534
23,Jämtlands län,2361,Härjedalen,1,259.1,416334.65476612,6951972.86424296
23,Jämtlands län,2361,Härjedalen,1,259.1,417191.252581981,6958126.91987127
23,Jämtlands län,2361,Härjedalen,1,259.1,419614.610034009,6960091.42087688
23,Jämtlands län,2361,Härjedalen,1,259.1,422825.435871485,6954324.08593915
23,Jämtlands län,2361,Härjedalen,1,259.1,428573.824636857,6949702.97087724
23,Jämtlands län,2361,Härjedalen,1,259.1,432156.95161591,6949332.94584593
23,Jämtlands län,2361,Härjedalen,1,259.1,439762.029745617,6954589.93256067
23,Jämtlands län,2361,Härjedalen,1,259.1,443079.399339677,6949817.38449836
23,Jämtlands län,2361,Härjedalen,1,259.1,442108.56557178,6944478.41785874
23,Jämtlands län,2361,Härjedalen,1,259.1,448217.531560353,6943244.29956455
23,Jämtlands län,2361,Härjedalen,1,259.1,450046.217564776,6930166.38876018
23,Jämtlands län,2361,Härjedalen,1,259.1,457683.268943709,6918705.26926359
23,Jämtlands län,2361,Härjedalen,1,259.1,466066.366685078,6908574.76526162
23,Jämtlands län,2361,Härjedalen,1,259.1,471946.132403537,6908974.91385879
23,Jämtlands län,2361,Härjedalen,1,259.1,477131.448468231,6906627.43877925
23,Jämtlands län,2361,Härjedalen,1,259.1,489952.22589271,6920541.23275824
23,Jämtlands län,2361,Härjedalen,1,259.1,493214.952721572,6919668.25896869
23,Jämtlands län,2361,Härjedalen,1,259.1,497260.267402521,6910388.0041706
23,Jämtlands län,2361,Härjedalen,1,259.1,508257.861916528,6904017.28501211
23,Jämtlands län,2361,Härjedalen,1,259.1,514163.708856872,6908442.39660873
23,Jämtlands län,2361,Härjedalen,1,259.1,516833.01952694,6906420.34673353
23,Jämtlands län,2361,Härjedalen,1,259.1,517391.71902451,6899045.75594488
23,Jämtlands län,2361,Härjedalen,1,259.1,520585.340120918,6896904.24184404
23,Jämtlands län,2361,Härjedalen,1,259.1,521508.033508993,6888550.46566812
23,Jämtlands län,2361,Härjedalen,1,259.1,504364.167253166,6875014.79141931
23,Jämtlands län,2361,Härjedalen,1,259.1,505846.645676379,6870026.94025835
23,Jämtlands län,2361,Härjedalen,1,259.1,505408.300026126,6864029.56025986
23,Jämtlands län,2361,Härjedalen,1,259.1,505454.349219903,6858789.94236898
23,Jämtlands län,2361,Härjedalen,1,259.1,502103.719827157,6861350.4562738
23,Jämtlands län,2361,Härjedalen,1,259.1,494516.15642647,6861933.03043574
23,Jämtlands län,2361,Härjedalen,1,259.1,493303.544336733,6856218.01984152
23,Jämtlands län,2361,Härjedalen,1,259.1,489402.935807937,6863065.12740748
23,Jämtlands län,2361,Härjedalen,1,259.1,485742.082982407,6860825.48350765
23,Jämtlands län,2361,Härjedalen,1,259.1,483713.715340001,6864457.95444508
23,Jämtlands län,2361,Härjedalen,1,259.1,475039.308685394,6851056.26367112
23,Jämtlands län,2361,Härjedalen,1,259.1,473532.66699484,6833086.38534357
23,Jämtlands län,2361,Härjedalen,1,259.1,468932.658832393,6828223.26543993
23,Jämtlands län,2361,Härjedalen,1,259.1,465884.258483915,6831257.34268645
23,Jämtlands län,2361,Härjedalen,1,259.1,457670.490760729,6833516.69663686
23,Jämtlands län,2361,Härjedalen,1,259.1,446103.320515656,6833905.22984989
23,Jämtlands län,2361,Härjedalen,1,259.1,441207.580724229,6835821.77682943
03,Uppsala län,0305,Håbo,1,26.1,647083.759543933,6617455.31001185
03,Uppsala län,0305,Håbo,1,26.1,645513.671840397,6615924.5270287
03,Uppsala län,0305,Håbo,1,26.1,646013.609914973,6615262.72405803
03,Uppsala län,0305,Håbo,1,26.1,645199.808847821,6613943.10131576
03,Uppsala län,0305,Håbo,1,26.1,644383.776431418,6613794.21397127
03,Uppsala län,0305,Håbo,1,26.1,643521.736388581,6612823.92989465
03,Uppsala län,0305,Håbo,1,26.1,642802.122608909,6610992.55467842
03,Uppsala län,0305,Håbo,1,26.1,643043.692369595,6609047.8672109
03,Uppsala län,0305,Håbo,1,26.1,645284.28760114,6606986.48205542
03,Uppsala län,0305,Håbo,1,26.1,645035.242101445,6605428.75985984
03,Uppsala län,0305,Håbo,1,26.1,644230.814063782,6605230.03667735
03,Uppsala län,0305,Håbo,1,26.1,643585.35700476,6603548.52919057
03,Uppsala län,0305,Håbo,1,26.1,642870.367229045,6602241.10822477
03,Uppsala län,0305,Håbo,1,26.1,641795.46374478,6602168.08176146
03,Uppsala län,0305,Håbo,1,26.1,639846.016985306,6603555.14328829
03,Uppsala län,0305,Håbo,1,26.1,637939.666512206,6605840.53592174
03,Uppsala län,0305,Håbo,1,26.1,636294.807288193,6608162.08955062
03,Uppsala län,0305,Håbo,1,26.1,635678.765249183,6609658.29898428
03,Uppsala län,0305,Håbo,1,26.1,635287.586789489,6611491.16668608
03,Uppsala län,0305,Håbo,1,26.1,633489.754739909,6610602.51962455
03,Uppsala län,0305,Håbo,1,26.1,638173.219079539,6616987.10775168
03,Uppsala län,0305,Håbo,1,26.1,640715.290009921,6621956.99728812
03,Uppsala län,0305,Håbo,1,26.1,639384.960064986,6624062.39792117
03,Uppsala län,0305,Håbo,1,26.1,646582.485233523,6624641.81755494
03,Uppsala län,0305,Håbo,1,26.1,648325.861718113,6620388.84223229
03,Uppsala län,0305,Håbo,1,26.1,648646.497271694,6618275.14457244
03,Uppsala län,0305,Håbo,1,26.1,647083.759543933,6617455.31001185
23,Jämtlands län,2380,Östersund,1,260.1,524301.635012547,7026425.584583
23,Jämtlands län,2380,Östersund,1,260.1,527335.463370514,7020877.5370057
23,Jämtlands län,2380,Östersund,1,260.1,523690.424544271,7015009.58673134
23,Jämtlands län,2380,Östersund,1,260.1,517116.129748693,7021326.84415749
23,Jämtlands län,2380,Östersund,1,260.1,511646.229774508,7013431.68446811
23,Jämtlands län,2380,Östersund,1,260.1,511722.370134894,7006575.94369882
23,Jämtlands län,2380,Östersund,1,260.1,515589.969538636,7006982.40403778
23,Jämtlands län,2380,Östersund,1,260.1,516157.548085408,7002225.112615
23,Jämtlands län,2380,Östersund,1,260.1,513633.15451684,6999934.1668015
23,Jämtlands län,2380,Östersund,1,260.1,505197.901102853,7002012.52309278
23,Jämtlands län,2380,Östersund,1,260.1,506639.032377436,6996627.45577537
23,Jämtlands län,2380,Östersund,1,260.1,505573.635632938,6992306.5582243
23,Jämtlands län,2380,Östersund,1,260.1,503049.643613197,6993171.58972513
23,Jämtlands län,2380,Östersund,1,260.1,500783.353519408,6990786.96955087
23,Jämtlands län,2380,Östersund,1,260.1,502736.007796845,6984543.61983862
23,Jämtlands län,2380,Östersund,1,260.1,496405.669770955,6976133.18129564
23,Jämtlands län,2380,Östersund,1,260.1,493766.512289352,6977815.50180404
23,Jämtlands län,2380,Östersund,1,260.1,487856.407218786,6979028.97404821
23,Jämtlands län,2380,Östersund,1,260.1,488523.143326986,6975201.7103787
23,Jämtlands län,2380,Östersund,1,260.1,480234.617026971,6977399.01170459
23,Jämtlands län,2380,Östersund,1,260.1,479319.959482141,6983938.1365029
23,Jämtlands län,2380,Östersund,1,260.1,474067.375363023,6986292.37136276
23,Jämtlands län,2380,Östersund,1,260.1,472571.417453306,6994301.60840074
23,Jämtlands län,2380,Östersund,1,260.1,471855.853148159,7000819.17773518
23,Jämtlands län,2380,Östersund,1,260.1,475630.556548107,7002243.05647796
23,Jämtlands län,2380,Östersund,1,260.1,478608.540638666,7003748.90436216
23,Jämtlands län,2380,Östersund,1,260.1,476126.595578206,7005011.25699958
23,Jämtlands län,2380,Östersund,1,260.1,472796.156644162,7007771.38042369
23,Jämtlands län,2380,Östersund,1,260.1,473512.834446506,7010719.28783558
23,Jämtlands län,2380,Östersund,1,260.1,479484.380572433,7010102.57539436
23,Jämtlands län,2380,Östersund,1,260.1,486780.98115421,7010559.12187921
23,Jämtlands län,2380,Östersund,1,260.1,487400.01395685,7020162.45310188
23,Jämtlands län,2380,Östersund,1,260.1,482244.65537015,7020895.33645287
23,Jämtlands län,2380,Östersund,1,260.1,482176.23939641,7025937.64075112
23,Jämtlands län,2380,Östersund,1,260.1,475625.442892826,7036279.37205603
23,Jämtlands län,2380,Östersund,1,260.1,478587.695780658,7041411.7922986
23,Jämtlands län,2380,Östersund,1,260.1,477152.130194506,7050622.31020907
23,Jämtlands län,2380,Östersund,1,260.1,486077.408849452,7047486.97746314
23,Jämtlands län,2380,Östersund,1,260.1,488954.713084428,7051822.6987283
23,Jämtlands län,2380,Östersund,1,260.1,493407.16274660203,7050155.43305246
23,Jämtlands län,2380,Östersund,1,260.1,496226.294941804,7052683.08637056
23,Jämtlands län,2380,Östersund,1,260.1,504689.770780373,7044560.59220813
23,Jämtlands län,2380,Östersund,1,260.1,502672.593521708,7040740.4785515
23,Jämtlands län,2380,Östersund,1,260.1,504252.470119657,7038564.12907094
23,Jämtlands län,2380,Östersund,1,260.1,507210.011656635,7039869.93904666
23,Jämtlands län,2380,Östersund,1,260.1,516446.157072984,7032069.86848825
23,Jämtlands län,2380,Östersund,1,260.1,520391.032555551,7025620.64156263
23,Jämtlands län,2380,Östersund,1,260.1,524301.635012547,7026425.584583
24,Västerbottens län,2401,Nordmaling,1,261.1,687157.469245017,7079929.25590958
24,Västerbottens län,2401,Nordmaling,1,261.1,688121.53348787,7086477.375571
24,Västerbottens län,2401,Nordmaling,1,261.1,692296.370121636,7087860.9470896
24,Västerbottens län,2401,Nordmaling,1,261.1,696318.304519027,7084020.39688516
24,Västerbottens län,2401,Nordmaling,1,261.1,699381.710280266,7086323.76911409
24,Västerbottens län,2401,Nordmaling,1,261.1,702535.343908035,7083784.03071509
24,Västerbottens län,2401,Nordmaling,1,261.1,704873.221343844,7084953.41262899
24,Västerbottens län,2401,Nordmaling,1,261.1,707576.542948909,7083868.7410107
24,Västerbottens län,2401,Nordmaling,1,261.1,711318.988663043,7083079.17259747
24,Västerbottens län,2401,Nordmaling,1,261.1,713933.086227976,7086839.70141702
24,Västerbottens län,2401,Nordmaling,1,261.1,717213.66124175,7085493.36735223
24,Västerbottens län,2401,Nordmaling,1,261.1,718717.268732212,7090173.75645441
24,Västerbottens län,2401,Nordmaling,1,261.1,722272.057046173,7091418.55171481
24,Västerbottens län,2401,Nordmaling,1,261.1,725747.289674431,7086226.17025279
24,Västerbottens län,2401,Nordmaling,1,261.1,730522.417310615,7085061.69954041
24,Västerbottens län,2401,Nordmaling,1,261.1,735027.756074853,7078822.39609576
24,Västerbottens län,2401,Nordmaling,1,261.1,735176.732764188,7070750.2161345
24,Västerbottens län,2401,Nordmaling,1,261.1,733295.025387859,7066309.96416157
24,Västerbottens län,2401,Nordmaling,1,261.1,735219.233163933,7061680.79676988
24,Västerbottens län,2401,Nordmaling,1,261.1,733728.059488619,7059014.29097688
24,Västerbottens län,2401,Nordmaling,1,261.1,735833.558350012,7054834.3399919
24,Västerbottens län,2401,Nordmaling,1,261.1,734422.749214254,7052294.83134548
24,Västerbottens län,2401,Nordmaling,1,261.1,736419.242912162,7046448.68496551
24,Västerbottens län,2401,Nordmaling,1,261.1,732473.744498172,7043430.29574896
24,Västerbottens län,2401,Nordmaling,1,261.1,727546.339354542,7051996.14254257
24,Västerbottens län,2401,Nordmaling,1,261.1,721460.735300662,7057257.72222085
24,Västerbottens län,2401,Nordmaling,1,261.1,719286.931747981,7053855.73253241
24,Västerbottens län,2401,Nordmaling,1,261.1,722790.325973283,7047047.7920408
24,Västerbottens län,2401,Nordmaling,1,261.1,718532.361813772,7044867.39738812
24,Västerbottens län,2401,Nordmaling,1,261.1,713026.480932534,7046106.83210201
24,Västerbottens län,2401,Nordmaling,1,261.1,707378.994144501,7055486.30691412
24,Västerbottens län,2401,Nordmaling,1,261.1,707268.414185796,7060130.24654341
24,Västerbottens län,2401,Nordmaling,1,261.1,695397.788713945,7077267.81095275
24,Västerbottens län,2401,Nordmaling,1,261.1,692152.336859336,7080825.23878252
24,Västerbottens län,2401,Nordmaling,1,261.1,687157.469245017,7079929.25590958
24,Västerbottens län,2403,Bjurholm,1,262.1,687157.469245017,7079929.25590958
24,Västerbottens län,2403,Bjurholm,1,262.1,684533.828313067,7083020.58441879
24,Västerbottens län,2403,Bjurholm,1,262.1,678622.476828994,7084234.65444508
24,Västerbottens län,2403,Bjurholm,1,262.1,671453.402730559,7084972.89640205
24,Västerbottens län,2403,Bjurholm,1,262.1,667898.057513576,7093195.44951439
24,Västerbottens län,2403,Bjurholm,1,262.1,670019.730402968,7098012.4200246
24,Västerbottens län,2403,Bjurholm,1,262.1,665310.005023006,7102325.02707974
24,Västerbottens län,2403,Bjurholm,1,262.1,683908.768690499,7110614.08064929
24,Västerbottens län,2403,Bjurholm,1,262.1,702078.016588056,7119283.94140979
24,Västerbottens län,2403,Bjurholm,1,262.1,711685.544659586,7113056.60302212
24,Västerbottens län,2403,Bjurholm,1,262.1,713138.129668668,7109679.47757147
24,Västerbottens län,2403,Bjurholm,1,262.1,718907.394709776,7103358.40571057
24,Västerbottens län,2403,Bjurholm,1,262.1,722272.057046173,7091418.55171481
24,Västerbottens län,2403,Bjurholm,1,262.1,718717.268732212,7090173.75645441
24,Västerbottens län,2403,Bjurholm,1,262.1,717213.66124175,7085493.36735223
24,Västerbottens län,2403,Bjurholm,1,262.1,713933.086227976,7086839.70141702
24,Västerbottens län,2403,Bjurholm,1,262.1,711318.988663043,7083079.17259747
24,Västerbottens län,2403,Bjurholm,1,262.1,707576.542948909,7083868.7410107
24,Västerbottens län,2403,Bjurholm,1,262.1,704873.221343844,7084953.41262899
24,Västerbottens län,2403,Bjurholm,1,262.1,702535.343908035,7083784.03071509
24,Västerbottens län,2403,Bjurholm,1,262.1,699381.710280266,7086323.76911409
24,Västerbottens län,2403,Bjurholm,1,262.1,696318.304519027,7084020.39688516
24,Västerbottens län,2403,Bjurholm,1,262.1,692296.370121636,7087860.9470896
24,Västerbottens län,2403,Bjurholm,1,262.1,688121.53348787,7086477.375571
24,Västerbottens län,2403,Bjurholm,1,262.1,687157.469245017,7079929.25590958
24,Västerbottens län,2404,Vindeln,1,263.1,713138.129668668,7109679.47757147
24,Västerbottens län,2404,Vindeln,1,263.1,711685.544659586,7113056.60302212
24,Västerbottens län,2404,Vindeln,1,263.1,702078.016588056,7119283.94140979
24,Västerbottens län,2404,Vindeln,1,263.1,699756.155720024,7123954.78940456
24,Västerbottens län,2404,Vindeln,1,263.1,701496.279376916,7125185.67290449
24,Västerbottens län,2404,Vindeln,1,263.1,699352.159384829,7129635.80375685
24,Västerbottens län,2404,Vindeln,1,263.1,695577.791363,7128213.14776668
24,Västerbottens län,2404,Vindeln,1,263.1,690400.879153353,7151507.70604442
24,Västerbottens län,2404,Vindeln,1,263.1,703459.593826509,7191053.67713089
24,Västerbottens län,2404,Vindeln,1,263.1,707334.18937784,7188371.44943832
24,Västerbottens län,2404,Vindeln,1,263.1,709235.918190065,7180991.75414338
24,Västerbottens län,2404,Vindeln,1,263.1,715563.173573324,7176110.02043308
24,Västerbottens län,2404,Vindeln,1,263.1,721644.497625308,7176490.38624485
24,Västerbottens län,2404,Vindeln,1,263.1,731235.817748019,7164424.0085857
24,Västerbottens län,2404,Vindeln,1,263.1,734557.45636236,7163477.37150531
24,Västerbottens län,2404,Vindeln,1,263.1,736758.129853399,7161437.60910077
24,Västerbottens län,2404,Vindeln,1,263.1,738651.253336275,7158422.03833938
24,Västerbottens län,2404,Vindeln,1,263.1,741902.447225152,7158692.3466842
24,Västerbottens län,2404,Vindeln,1,263.1,743967.276381268,7157271.75723685
24,Västerbottens län,2404,Vindeln,1,263.1,743983.402181401,7153643.36704196
24,Västerbottens län,2404,Vindeln,1,263.1,746741.556336499,7150538.76510304
24,Västerbottens län,2404,Vindeln,1,263.1,746933.74391311,7147295.56176749
24,Västerbottens län,2404,Vindeln,1,263.1,744637.779614659,7146525.47361152
24,Västerbottens län,2404,Vindeln,1,263.1,742773.436076178,7138458.69569618
24,Västerbottens län,2404,Vindeln,1,263.1,746430.167499708,7136872.29533805
24,Västerbottens län,2404,Vindeln,1,263.1,746067.766700541,7129658.48104249
24,Västerbottens län,2404,Vindeln,1,263.1,744220.225821179,7127431.28608719
24,Västerbottens län,2404,Vindeln,1,263.1,743961.11051185,7121213.6820553
24,Västerbottens län,2404,Vindeln,1,263.1,741288.135415558,7120682.8465386
24,Västerbottens län,2404,Vindeln,1,263.1,737786.756005871,7121848.32057364
24,Västerbottens län,2404,Vindeln,1,263.1,734159.555253615,7121819.32235953
24,Västerbottens län,2404,Vindeln,1,263.1,733406.563645653,7115988.47611931
24,Västerbottens län,2404,Vindeln,1,263.1,731635.90272532,7113216.37584812
24,Västerbottens län,2404,Vindeln,1,263.1,726457.788250042,7113749.69550472
24,Västerbottens län,2404,Vindeln,1,263.1,727000.057558275,7111276.87614881
24,Västerbottens län,2404,Vindeln,1,263.1,723076.266139442,7108457.53233344
24,Västerbottens län,2404,Vindeln,1,263.1,720237.073006766,7110160.34320994
24,Västerbottens län,2404,Vindeln,1,263.1,713138.129668668,7109679.47757147
24,Västerbottens län,2409,Robertsfors,1,264.1,794749.879399664,7134916.9003377
24,Västerbottens län,2409,Robertsfors,1,264.1,789520.658317561,7127397.01633864
24,Västerbottens län,2409,Robertsfors,1,264.1,788378.217318229,7116636.24603574
24,Västerbottens län,2409,Robertsfors,1,264.1,785032.451450213,7104087.70514057
24,Västerbottens län,2409,Robertsfors,1,264.1,781747.029474405,7095293.73070605
24,Västerbottens län,2409,Robertsfors,1,264.1,776835.846999289,7097075.43155402
24,Västerbottens län,2409,Robertsfors,1,264.1,777673.860304086,7106861.28799237
24,Västerbottens län,2409,Robertsfors,1,264.1,771511.785604391,7118978.22598461
24,Västerbottens län,2409,Robertsfors,1,264.1,764272.087813938,7124760.91315614
24,Västerbottens län,2409,Robertsfors,1,264.1,755339.94301078,7145557.54056404
24,Västerbottens län,2409,Robertsfors,1,264.1,767981.892463375,7144523.23400348
24,Västerbottens län,2409,Robertsfors,1,264.1,774487.873516892,7148888.52134736
24,Västerbottens län,2409,Robertsfors,1,264.1,776351.164145781,7156956.54661999
24,Västerbottens län,2409,Robertsfors,1,264.1,782728.336450207,7160127.40491105
24,Västerbottens län,2409,Robertsfors,1,264.1,789035.492990546,7155046.97724108
24,Västerbottens län,2409,Robertsfors,1,264.1,789408.176049224,7150978.99552841
24,Västerbottens län,2409,Robertsfors,1,264.1,792930.240520613,7150011.8307757
24,Västerbottens län,2409,Robertsfors,1,264.1,796832.694576919,7152631.27193044
24,Västerbottens län,2409,Robertsfors,1,264.1,800975.104243379,7143609.4431439
24,Västerbottens län,2409,Robertsfors,1,264.1,794749.879399664,7134916.9003377
24,Västerbottens län,2417,Norsjö,1,265.1,729006.745373382,7190840.29348329
24,Västerbottens län,2417,Norsjö,1,265.1,718502.316455519,7190512.46303638
24,Västerbottens län,2417,Norsjö,1,265.1,712611.13956037,7191925.17928858
24,Västerbottens län,2417,Norsjö,1,265.1,707334.18937784,7188371.44943832
24,Västerbottens län,2417,Norsjö,1,265.1,703459.593826509,7191053.67713089
24,Västerbottens län,2417,Norsjö,1,265.1,677017.711225687,7211301.11976934
24,Västerbottens län,2417,Norsjö,1,265.1,706842.314737326,7232402.61419308
24,Västerbottens län,2417,Norsjö,1,265.1,715176.809220118,7237587.4218164
24,Västerbottens län,2417,Norsjö,1,265.1,727094.805006939,7220246.10042555
24,Västerbottens län,2417,Norsjö,1,265.1,736201.503245001,7216890.83144068
24,Västerbottens län,2417,Norsjö,1,265.1,739584.40014355,7212716.52613155
24,Västerbottens län,2417,Norsjö,1,265.1,745488.881850623,7203848.91144152
24,Västerbottens län,2417,Norsjö,1,265.1,743984.736802581,7199170.25612442
24,Västerbottens län,2417,Norsjö,1,265.1,740608.819266309,7197704.37055698
24,Västerbottens län,2417,Norsjö,1,265.1,739927.981221289,7187499.88382118
24,Västerbottens län,2417,Norsjö,1,265.1,743174.911221369,7183943.66602879
24,Västerbottens län,2417,Norsjö,1,265.1,737898.544440419,7181665.7202469
24,Västerbottens län,2417,Norsjö,1,265.1,729006.745373382,7190840.29348329
24,Västerbottens län,2418,Malå,1,266.1,648032.919074117,7239193.52788974
24,Västerbottens län,2418,Malå,1,266.1,653160.693550782,7259681.99855478
24,Västerbottens län,2418,Malå,1,266.1,652213.989544981,7270991.59710689
24,Västerbottens län,2418,Malå,1,266.1,658443.421292827,7269612.70378128
24,Västerbottens län,2418,Malå,1,266.1,662634.379311015,7267367.84782798
24,Västerbottens län,2418,Malå,1,266.1,665880.315411594,7263812.11390635
24,Västerbottens län,2418,Malå,1,266.1,671519.95919194,7263836.35271939
24,Västerbottens län,2418,Malå,1,266.1,673847.353713649,7262991.32687288
24,Västerbottens län,2418,Malå,1,266.1,674766.935177826,7260278.59336097
24,Västerbottens län,2418,Malå,1,266.1,677449.882266579,7258996.18110911
24,Västerbottens län,2418,Malå,1,266.1,678988.589342294,7256420.34921617
24,Västerbottens län,2418,Malå,1,266.1,683378.812590682,7254155.94453619
24,Västerbottens län,2418,Malå,1,266.1,688031.631889402,7252467.79553647
24,Västerbottens län,2418,Malå,1,266.1,688354.521499778,7249816.37629437
24,Västerbottens län,2418,Malå,1,266.1,690430.584841418,7250408.84684431
24,Västerbottens län,2418,Malå,1,266.1,700016.262102851,7243983.54328641
24,Västerbottens län,2418,Malå,1,266.1,698547.072734067,7241515.13786559
24,Västerbottens län,2418,Malå,1,266.1,698868.947064904,7238862.67586791
24,Västerbottens län,2418,Malå,1,266.1,702841.304533609,7236439.84856218
24,Västerbottens län,2418,Malå,1,266.1,706842.314737326,7232402.61419308
24,Västerbottens län,2418,Malå,1,266.1,677017.711225687,7211301.11976934
24,Västerbottens län,2418,Malå,1,266.1,654606.576370024,7235362.34415967
24,Västerbottens län,2418,Malå,1,266.1,648032.919074117,7239193.52788974
24,Västerbottens län,2421,Storuman,1,267.1,614934.809943606,7184057.23890268
24,Västerbottens län,2421,Storuman,1,267.1,574165.673697674,7213430.01004564
24,Västerbottens län,2421,Storuman,1,267.1,551271.411693181,7246200.18000567
24,Västerbottens län,2421,Storuman,1,267.1,532916.001380577,7255339.51468516
24,Västerbottens län,2421,Storuman,1,267.1,514184.07051531,7255253.72728105
24,Västerbottens län,2421,Storuman,1,267.1,510790.522480824,7257414.57609633
24,Västerbottens län,2421,Storuman,1,267.1,507393.960006527,7255750.63226992
24,Västerbottens län,2421,Storuman,1,267.1,498903.107543951,7255416.03941285
24,Västerbottens län,2421,Storuman,1,267.1,496653.652961043,7258870.06110833
24,Västerbottens län,2421,Storuman,1,267.1,485960.55857562,7256747.87445692
24,Västerbottens län,2421,Storuman,1,267.1,476930.811236511,7259557.23757452
24,Västerbottens län,2421,Storuman,1,267.1,479047.171976912,7286459.66543305
24,Västerbottens län,2421,Storuman,1,267.1,483492.072421985,7299897.93953933
24,Västerbottens län,2421,Storuman,1,267.1,479004.108946014,7335401.59244241
24,Västerbottens län,2421,Storuman,1,267.1,499122.240248212,7336555.22515425
24,Västerbottens län,2421,Storuman,1,267.1,525198.672979149,7300240.47652186
24,Västerbottens län,2421,Storuman,1,267.1,570885.1230657,7273586.55695779
24,Västerbottens län,2421,Storuman,1,267.1,576630.798483617,7261314.51850226
24,Västerbottens län,2421,Storuman,1,267.1,596635.96606883,7244954.85822116
24,Västerbottens län,2421,Storuman,1,267.1,626519.392755406,7230599.3542579
24,Västerbottens län,2421,Storuman,1,267.1,639425.632495189,7217521.05859209
24,Västerbottens län,2421,Storuman,1,267.1,637445.585915053,7212151.92992053
24,Västerbottens län,2421,Storuman,1,267.1,637888.706464065,7203042.52847565
24,Västerbottens län,2421,Storuman,1,267.1,623959.882091158,7183731.25516962
24,Västerbottens län,2421,Storuman,1,267.1,621266.738123686,7181120.55302562
24,Västerbottens län,2421,Storuman,1,267.1,618583.049198474,7184285.64434421
24,Västerbottens län,2421,Storuman,1,267.1,614934.809943606,7184057.23890268
24,Västerbottens län,2422,Sorsele,1,268.1,648032.919074117,7239193.52788974
24,Västerbottens län,2422,Sorsele,1,268.1,639425.632495189,7217521.05859209
24,Västerbottens län,2422,Sorsele,1,268.1,626519.392755406,7230599.3542579
24,Västerbottens län,2422,Sorsele,1,268.1,596635.96606883,7244954.85822116
24,Västerbottens län,2422,Sorsele,1,268.1,576630.798483617,7261314.51850226
24,Västerbottens län,2422,Sorsele,1,268.1,570885.1230657,7273586.55695779
24,Västerbottens län,2422,Sorsele,1,268.1,525198.672979149,7300240.47652186
24,Västerbottens län,2422,Sorsele,1,268.1,499122.240248212,7336555.22515425
24,Västerbottens län,2422,Sorsele,1,268.1,501707.995765861,7336894.40133158
24,Västerbottens län,2422,Sorsele,1,268.1,521688.590705344,7352562.67183847
24,Västerbottens län,2422,Sorsele,1,268.1,520813.439867893,7359499.17809251
24,Västerbottens län,2422,Sorsele,1,268.1,536898.260964169,7353616.40146057
24,Västerbottens län,2422,Sorsele,1,268.1,571508.326869659,7326895.88784531
24,Västerbottens län,2422,Sorsele,1,268.1,580574.915610023,7326970.51923568
24,Västerbottens län,2422,Sorsele,1,268.1,622312.299215059,7285817.97214405
24,Västerbottens län,2422,Sorsele,1,268.1,628495.319888198,7283368.83929936
24,Västerbottens län,2422,Sorsele,1,268.1,641584.745410848,7279605.54533966
24,Västerbottens län,2422,Sorsele,1,268.1,646597.363123986,7278150.13017226
24,Västerbottens län,2422,Sorsele,1,268.1,649178.919444464,7273385.20678992
24,Västerbottens län,2422,Sorsele,1,268.1,652213.989544981,7270991.59710689
24,Västerbottens län,2422,Sorsele,1,268.1,653160.693550782,7259681.99855478
24,Västerbottens län,2422,Sorsele,1,268.1,648032.919074117,7239193.52788974
24,Västerbottens län,2425,Dorotea,1,269.1,530077.174753754,7156541.18079828
24,Västerbottens län,2425,Dorotea,1,269.1,530780.335563529,7148010.79625305
24,Västerbottens län,2425,Dorotea,1,269.1,527573.723422641,7148139.03030896
24,Västerbottens län,2425,Dorotea,1,269.1,526051.286940656,7156554.01350652
24,Västerbottens län,2425,Dorotea,1,269.1,520322.872494792,7161372.64328683
24,Västerbottens län,2425,Dorotea,1,269.1,520220.907775962,7164203.42233555
24,Västerbottens län,2425,Dorotea,1,269.1,517306.397576014,7163295.65951809
24,Västerbottens län,2425,Dorotea,1,269.1,516029.732757364,7166447.39270457
24,Västerbottens län,2425,Dorotea,1,269.1,512637.345251275,7168609.52619923
24,Västerbottens län,2425,Dorotea,1,269.1,515898.242287089,7170891.26367398
24,Västerbottens län,2425,Dorotea,1,269.1,511041.314126451,7178240.01732987
24,Västerbottens län,2425,Dorotea,1,269.1,502220.697563308,7182370.32021134
24,Västerbottens län,2425,Dorotea,1,269.1,501503.893366794,7188889.96716134
24,Västerbottens län,2425,Dorotea,1,269.1,497652.014463978,7194320.01860158
24,Västerbottens län,2425,Dorotea,1,269.1,493647.707688366,7194530.90785334
24,Västerbottens län,2425,Dorotea,1,269.1,489910.183650836,7199145.64394387
24,Västerbottens län,2425,Dorotea,1,269.1,490156.48991046,7203349.30756329
24,Västerbottens län,2425,Dorotea,1,269.1,486811.894250423,7207251.26309179
24,Västerbottens län,2425,Dorotea,1,269.1,523101.30122994,7195124.13488375
24,Västerbottens län,2425,Dorotea,1,269.1,545640.803993465,7176086.13691021
24,Västerbottens län,2425,Dorotea,1,269.1,554900.14745382406,7159019.95710003
24,Västerbottens län,2425,Dorotea,1,269.1,565750.710787836,7151256.06251669
24,Västerbottens län,2425,Dorotea,1,269.1,578264.780630108,7147751.99613558
24,Västerbottens län,2425,Dorotea,1,269.1,583150.276924316,7138789.41428111
24,Västerbottens län,2425,Dorotea,1,269.1,579104.933105109,7136300.73731965
24,Västerbottens län,2425,Dorotea,1,269.1,579198.073975686,7129824.6513305
24,Västerbottens län,2425,Dorotea,1,269.1,590506.14958839,7104647.56357989
24,Västerbottens län,2425,Dorotea,1,269.1,595544.293823891,7100268.45065509
24,Västerbottens län,2425,Dorotea,1,269.1,590348.542041028,7094742.1202163
24,Västerbottens län,2425,Dorotea,1,269.1,584250.120652042,7101144.28257962
24,Västerbottens län,2425,Dorotea,1,269.1,558382.070147832,7129256.7876989
24,Västerbottens län,2425,Dorotea,1,269.1,550027.58969997,7128304.10242633
24,Västerbottens län,2425,Dorotea,1,269.1,549678.032258853,7136396.27402041
24,Västerbottens län,2425,Dorotea,1,269.1,536500.737943135,7145004.38987354
24,Västerbottens län,2425,Dorotea,1,269.1,536026.285571408,7151901.22349302
24,Västerbottens län,2425,Dorotea,1,269.1,533715.082365707,7158582.78346128
24,Västerbottens län,2425,Dorotea,1,269.1,530077.174753754,7156541.18079828
03,Uppsala län,0319,Älvkarleby,1,27.1,626482.433953105,6706088.68943383
03,Uppsala län,0319,Älvkarleby,1,27.1,628509.449495429,6726358.15829721
03,Uppsala län,0319,Älvkarleby,1,27.1,642560.758039325,6726583.5621102
03,Uppsala län,0319,Älvkarleby,1,27.1,642528.04854165,6720611.35620393
03,Uppsala län,0319,Älvkarleby,1,27.1,635446.868929492,6714627.740776
03,Uppsala län,0319,Älvkarleby,1,27.1,634083.303819402,6707517.51411555
03,Uppsala län,0319,Älvkarleby,1,27.1,626482.433953105,6706088.68943383
24,Västerbottens län,2460,Vännäs,1,270.1,713138.129668668,7109679.47757147
24,Västerbottens län,2460,Vännäs,1,270.1,720237.073006766,7110160.34320994
24,Västerbottens län,2460,Vännäs,1,270.1,723076.266139442,7108457.53233344
24,Västerbottens län,2460,Vännäs,1,270.1,727000.057558275,7111276.87614881
24,Västerbottens län,2460,Vännäs,1,270.1,726457.788250042,7113749.69550472
24,Västerbottens län,2460,Vännäs,1,270.1,731635.90272532,7113216.37584812
24,Västerbottens län,2460,Vännäs,1,270.1,733406.563645653,7115988.47611931
24,Västerbottens län,2460,Vännäs,1,270.1,740339.391744202,7115543.4008456
24,Västerbottens län,2460,Vännäs,1,270.1,740327.857826839,7104061.54860955
24,Västerbottens län,2460,Vännäs,1,270.1,741404.404230266,7100928.53121282
24,Västerbottens län,2460,Vännäs,1,270.1,738141.662223373,7098646.48423206
24,Västerbottens län,2460,Vännäs,1,270.1,739752.458833647,7094855.30503581
24,Västerbottens län,2460,Vännäs,1,270.1,743755.703175198,7094642.98394633
24,Västerbottens län,2460,Vännäs,1,270.1,741782.210457452,7091221.38909074
24,Västerbottens län,2460,Vännäs,1,270.1,736095.607469057,7086971.94532761
24,Västerbottens län,2460,Vännäs,1,270.1,730522.417310615,7085061.69954041
24,Västerbottens län,2460,Vännäs,1,270.1,725747.289674431,7086226.17025279
24,Västerbottens län,2460,Vännäs,1,270.1,722272.057046173,7091418.55171481
24,Västerbottens län,2460,Vännäs,1,270.1,718907.394709776,7103358.40571057
24,Västerbottens län,2460,Vännäs,1,270.1,713138.129668668,7109679.47757147
24,Västerbottens län,2462,Vilhelmina,1,271.1,618849.468125968,7179222.21239447
24,Västerbottens län,2462,Vilhelmina,1,271.1,630264.474807074,7157165.38801568
24,Västerbottens län,2462,Vilhelmina,1,271.1,627106.728208311,7154603.81635303
24,Västerbottens län,2462,Vilhelmina,1,271.1,592966.312393979,7144020.66826478
24,Västerbottens län,2462,Vilhelmina,1,271.1,592258.931253086,7139259.90673668
24,Västerbottens län,2462,Vilhelmina,1,271.1,583150.276924316,7138789.41428111
24,Västerbottens län,2462,Vilhelmina,1,271.1,578264.780630108,7147751.99613558
24,Västerbottens län,2462,Vilhelmina,1,271.1,565750.710787836,7151256.06251669
24,Västerbottens län,2462,Vilhelmina,1,271.1,554900.14745382406,7159019.95710003
24,Västerbottens län,2462,Vilhelmina,1,271.1,545640.803993465,7176086.13691021
24,Västerbottens län,2462,Vilhelmina,1,271.1,523101.30122994,7195124.13488375
24,Västerbottens län,2462,Vilhelmina,1,271.1,486811.894250423,7207251.26309179
24,Västerbottens län,2462,Vilhelmina,1,271.1,484659.980936485,7210360.69880774
24,Västerbottens län,2462,Vilhelmina,1,271.1,482134.851625888,7211225.17115694
24,Västerbottens län,2462,Vilhelmina,1,271.1,468579.565542636,7223225.72216486
24,Västerbottens län,2462,Vilhelmina,1,271.1,470640.330163487,7237581.75306057
24,Västerbottens län,2462,Vilhelmina,1,271.1,476714.109661306,7243602.23509353
24,Västerbottens län,2462,Vilhelmina,1,271.1,476930.811236511,7259557.23757452
24,Västerbottens län,2462,Vilhelmina,1,271.1,485960.55857562,7256747.87445692
24,Västerbottens län,2462,Vilhelmina,1,271.1,496653.652961043,7258870.06110833
24,Västerbottens län,2462,Vilhelmina,1,271.1,498903.107543951,7255416.03941285
24,Västerbottens län,2462,Vilhelmina,1,271.1,507393.960006527,7255750.63226992
24,Västerbottens län,2462,Vilhelmina,1,271.1,510790.522480824,7257414.57609633
24,Västerbottens län,2462,Vilhelmina,1,271.1,514184.07051531,7255253.72728105
24,Västerbottens län,2462,Vilhelmina,1,271.1,532916.001380577,7255339.51468516
24,Västerbottens län,2462,Vilhelmina,1,271.1,551271.411693181,7246200.18000567
24,Västerbottens län,2462,Vilhelmina,1,271.1,574165.673697674,7213430.01004564
24,Västerbottens län,2462,Vilhelmina,1,271.1,614934.809943606,7184057.23890268
24,Västerbottens län,2462,Vilhelmina,1,271.1,618583.049198474,7184285.64434421
24,Västerbottens län,2462,Vilhelmina,1,271.1,621266.738123686,7181120.55302562
24,Västerbottens län,2462,Vilhelmina,1,271.1,618849.468125968,7179222.21239447
24,Västerbottens län,2463,Åsele,1,272.1,653341.489319302,7140017.09719775
24,Västerbottens län,2463,Åsele,1,272.1,683908.768690499,7110614.08064929
24,Västerbottens län,2463,Åsele,1,272.1,665310.005023006,7102325.02707974
24,Västerbottens län,2463,Åsele,1,272.1,632910.50227845,7087939.00869484
24,Västerbottens län,2463,Åsele,1,272.1,610837.870289025,7091153.16982661
24,Västerbottens län,2463,Åsele,1,272.1,590348.542041028,7094742.1202163
24,Västerbottens län,2463,Åsele,1,272.1,595544.293823891,7100268.45065509
24,Västerbottens län,2463,Åsele,1,272.1,590506.14958839,7104647.56357989
24,Västerbottens län,2463,Åsele,1,272.1,579198.073975686,7129824.6513305
24,Västerbottens län,2463,Åsele,1,272.1,579104.933105109,7136300.73731965
24,Västerbottens län,2463,Åsele,1,272.1,583150.276924316,7138789.41428111
24,Västerbottens län,2463,Åsele,1,272.1,592258.931253086,7139259.90673668
24,Västerbottens län,2463,Åsele,1,272.1,592966.312393979,7144020.66826478
24,Västerbottens län,2463,Åsele,1,272.1,627106.728208311,7154603.81635303
24,Västerbottens län,2463,Åsele,1,272.1,630264.474807074,7157165.38801568
24,Västerbottens län,2463,Åsele,1,272.1,645514.898586952,7144046.92044691
24,Västerbottens län,2463,Åsele,1,272.1,653336.879652448,7145656.92760961
24,Västerbottens län,2463,Åsele,1,272.1,656625.325449623,7142499.30068264
24,Västerbottens län,2463,Åsele,1,272.1,653341.489319302,7140017.09719775
24,Västerbottens län,2480,Umeå,1,273.1,741782.210457452,7091221.38909074
24,Västerbottens län,2480,Umeå,1,273.1,743755.703175198,7094642.98394633
24,Västerbottens län,2480,Umeå,1,273.1,739752.458833647,7094855.30503581
24,Västerbottens län,2480,Umeå,1,273.1,738141.662223373,7098646.48423206
24,Västerbottens län,2480,Umeå,1,273.1,741404.404230266,7100928.53121282
24,Västerbottens län,2480,Umeå,1,273.1,740327.857826839,7104061.54860955
24,Västerbottens län,2480,Umeå,1,273.1,740339.391744202,7115543.4008456
24,Västerbottens län,2480,Umeå,1,273.1,733406.563645653,7115988.47611931
24,Västerbottens län,2480,Umeå,1,273.1,734159.555253615,7121819.32235953
24,Västerbottens län,2480,Umeå,1,273.1,737786.756005871,7121848.32057364
24,Västerbottens län,2480,Umeå,1,273.1,741288.135415558,7120682.8465386
24,Västerbottens län,2480,Umeå,1,273.1,743961.11051185,7121213.6820553
24,Västerbottens län,2480,Umeå,1,273.1,744220.225821179,7127431.28608719
24,Västerbottens län,2480,Umeå,1,273.1,746067.766700541,7129658.48104249
24,Västerbottens län,2480,Umeå,1,273.1,746430.167499708,7136872.29533805
24,Västerbottens län,2480,Umeå,1,273.1,742773.436076178,7138458.69569618
24,Västerbottens län,2480,Umeå,1,273.1,744637.779614659,7146525.47361152
24,Västerbottens län,2480,Umeå,1,273.1,746933.74391311,7147295.56176749
24,Västerbottens län,2480,Umeå,1,273.1,746741.556336499,7150538.76510304
24,Västerbottens län,2480,Umeå,1,273.1,750040.0768202,7149997.74033433
24,Västerbottens län,2480,Umeå,1,273.1,751734.950742261,7147002.5915701
24,Västerbottens län,2480,Umeå,1,273.1,755339.94301078,7145557.54056404
24,Västerbottens län,2480,Umeå,1,273.1,764272.087813938,7124760.91315614
24,Västerbottens län,2480,Umeå,1,273.1,771511.785604391,7118978.22598461
24,Västerbottens län,2480,Umeå,1,273.1,777673.860304086,7106861.28799237
24,Västerbottens län,2480,Umeå,1,273.1,776835.846999289,7097075.43155402
24,Västerbottens län,2480,Umeå,1,273.1,781747.029474405,7095293.73070605
24,Västerbottens län,2480,Umeå,1,273.1,778557.470566006,7088638.85377435
24,Västerbottens län,2480,Umeå,1,273.1,771352.683426958,7087164.83461738
24,Västerbottens län,2480,Umeå,1,273.1,767573.378634269,7081915.48477705
24,Västerbottens län,2480,Umeå,1,273.1,766704.715573572,7073745.19379266
24,Västerbottens län,2480,Umeå,1,273.1,762459.192295846,7073578.56684999
24,Västerbottens län,2480,Umeå,1,273.1,761480.823966213,7070052.52358011
24,Västerbottens län,2480,Umeå,1,273.1,753145.11210277,7069300.31390947
24,Västerbottens län,2480,Umeå,1,273.1,747986.377339445,7070033.08204919
24,Västerbottens län,2480,Umeå,1,273.1,747415.382379789,7064652.42938114
24,Västerbottens län,2480,Umeå,1,273.1,743190.408712142,7064686.08251659
24,Västerbottens län,2480,Umeå,1,273.1,735833.558350012,7054834.3399919
24,Västerbottens län,2480,Umeå,1,273.1,733728.059488619,7059014.29097688
24,Västerbottens län,2480,Umeå,1,273.1,735219.233163933,7061680.79676988
24,Västerbottens län,2480,Umeå,1,273.1,733295.025387859,7066309.96416157
24,Västerbottens län,2480,Umeå,1,273.1,735176.732764188,7070750.2161345
24,Västerbottens län,2480,Umeå,1,273.1,735027.756074853,7078822.39609576
24,Västerbottens län,2480,Umeå,1,273.1,730522.417310615,7085061.69954041
24,Västerbottens län,2480,Umeå,1,273.1,736095.607469057,7086971.94532761
24,Västerbottens län,2480,Umeå,1,273.1,741782.210457452,7091221.38909074
24,Västerbottens län,2481,Lycksele,1,274.1,648032.919074117,7239193.52788974
24,Västerbottens län,2481,Lycksele,1,274.1,654606.576370024,7235362.34415967
24,Västerbottens län,2481,Lycksele,1,274.1,677017.711225687,7211301.11976934
24,Västerbottens län,2481,Lycksele,1,274.1,703459.593826509,7191053.67713089
24,Västerbottens län,2481,Lycksele,1,274.1,690400.879153353,7151507.70604442
24,Västerbottens län,2481,Lycksele,1,274.1,695577.791363,7128213.14776668
24,Västerbottens län,2481,Lycksele,1,274.1,699352.159384829,7129635.80375685
24,Västerbottens län,2481,Lycksele,1,274.1,701496.279376916,7125185.67290449
24,Västerbottens län,2481,Lycksele,1,274.1,699756.155720024,7123954.78940456
24,Västerbottens län,2481,Lycksele,1,274.1,702078.016588056,7119283.94140979
24,Västerbottens län,2481,Lycksele,1,274.1,683908.768690499,7110614.08064929
24,Västerbottens län,2481,Lycksele,1,274.1,653341.489319302,7140017.09719775
24,Västerbottens län,2481,Lycksele,1,274.1,656625.325449623,7142499.30068264
24,Västerbottens län,2481,Lycksele,1,274.1,653336.879652448,7145656.92760961
24,Västerbottens län,2481,Lycksele,1,274.1,645514.898586952,7144046.92044691
24,Västerbottens län,2481,Lycksele,1,274.1,630264.474807074,7157165.38801568
24,Västerbottens län,2481,Lycksele,1,274.1,618849.468125968,7179222.21239447
24,Västerbottens län,2481,Lycksele,1,274.1,621266.738123686,7181120.55302562
24,Västerbottens län,2481,Lycksele,1,274.1,623959.882091158,7183731.25516962
24,Västerbottens län,2481,Lycksele,1,274.1,637888.706464065,7203042.52847565
24,Västerbottens län,2481,Lycksele,1,274.1,637445.585915053,7212151.92992053
24,Västerbottens län,2481,Lycksele,1,274.1,639425.632495189,7217521.05859209
24,Västerbottens län,2481,Lycksele,1,274.1,648032.919074117,7239193.52788974
24,Västerbottens län,2482,Skellefteå,1,275.1,797011.693589466,7197940.70531962
24,Västerbottens län,2482,Skellefteå,1,275.1,797432.393273803,7188629.6655582
24,Västerbottens län,2482,Skellefteå,1,275.1,795281.36399759,7185426.45312734
24,Västerbottens län,2482,Skellefteå,1,275.1,798714.38401565,7179835.54558569
24,Västerbottens län,2482,Skellefteå,1,275.1,804270.898848059,7179062.3715301
24,Västerbottens län,2482,Skellefteå,1,275.1,808826.95976508,7174563.64204147
24,Västerbottens län,2482,Skellefteå,1,275.1,811502.627282789,7165624.15251276
24,Västerbottens län,2482,Skellefteå,1,275.1,815392.700888169,7166232.63013272
24,Västerbottens län,2482,Skellefteå,1,275.1,815787.916690446,7162363.82937249
24,Västerbottens län,2482,Skellefteå,1,275.1,810440.085311527,7151834.30436527
24,Västerbottens län,2482,Skellefteå,1,275.1,800975.104243379,7143609.4431439
24,Västerbottens län,2482,Skellefteå,1,275.1,796832.694576919,7152631.27193044
24,Västerbottens län,2482,Skellefteå,1,275.1,792930.240520613,7150011.8307757
24,Västerbottens län,2482,Skellefteå,1,275.1,789408.176049224,7150978.99552841
24,Västerbottens län,2482,Skellefteå,1,275.1,789035.492990546,7155046.97724108
24,Västerbottens län,2482,Skellefteå,1,275.1,782728.336450207,7160127.40491105
24,Västerbottens län,2482,Skellefteå,1,275.1,776351.164145781,7156956.54661999
24,Västerbottens län,2482,Skellefteå,1,275.1,774487.873516892,7148888.52134736
24,Västerbottens län,2482,Skellefteå,1,275.1,767981.892463375,7144523.23400348
24,Västerbottens län,2482,Skellefteå,1,275.1,755339.94301078,7145557.54056404
24,Västerbottens län,2482,Skellefteå,1,275.1,751734.950742261,7147002.5915701
24,Västerbottens län,2482,Skellefteå,1,275.1,750040.0768202,7149997.74033433
24,Västerbottens län,2482,Skellefteå,1,275.1,746741.556336499,7150538.76510304
24,Västerbottens län,2482,Skellefteå,1,275.1,743983.402181401,7153643.36704196
24,Västerbottens län,2482,Skellefteå,1,275.1,743967.276381268,7157271.75723685
24,Västerbottens län,2482,Skellefteå,1,275.1,741902.447225152,7158692.3466842
24,Västerbottens län,2482,Skellefteå,1,275.1,738651.253336275,7158422.03833938
24,Västerbottens län,2482,Skellefteå,1,275.1,736758.129853399,7161437.60910077
24,Västerbottens län,2482,Skellefteå,1,275.1,734557.45636236,7163477.37150531
24,Västerbottens län,2482,Skellefteå,1,275.1,731235.817748019,7164424.0085857
24,Västerbottens län,2482,Skellefteå,1,275.1,721644.497625308,7176490.38624485
24,Västerbottens län,2482,Skellefteå,1,275.1,715563.173573324,7176110.02043308
24,Västerbottens län,2482,Skellefteå,1,275.1,709235.918190065,7180991.75414338
24,Västerbottens län,2482,Skellefteå,1,275.1,707334.18937784,7188371.44943832
24,Västerbottens län,2482,Skellefteå,1,275.1,712611.13956037,7191925.17928858
24,Västerbottens län,2482,Skellefteå,1,275.1,718502.316455519,7190512.46303638
24,Västerbottens län,2482,Skellefteå,1,275.1,729006.745373382,7190840.29348329
24,Västerbottens län,2482,Skellefteå,1,275.1,737898.544440419,7181665.7202469
24,Västerbottens län,2482,Skellefteå,1,275.1,743174.911221369,7183943.66602879
24,Västerbottens län,2482,Skellefteå,1,275.1,739927.981221289,7187499.88382118
24,Västerbottens län,2482,Skellefteå,1,275.1,740608.819266309,7197704.37055698
24,Västerbottens län,2482,Skellefteå,1,275.1,743984.736802581,7199170.25612442
24,Västerbottens län,2482,Skellefteå,1,275.1,745488.881850623,7203848.91144152
24,Västerbottens län,2482,Skellefteå,1,275.1,739584.40014355,7212716.52613155
24,Västerbottens län,2482,Skellefteå,1,275.1,736201.503245001,7216890.83144068
24,Västerbottens län,2482,Skellefteå,1,275.1,727094.805006939,7220246.10042555
24,Västerbottens län,2482,Skellefteå,1,275.1,715176.809220118,7237587.4218164
24,Västerbottens län,2482,Skellefteå,1,275.1,717551.942578678,7240365.4006647
24,Västerbottens län,2482,Skellefteå,1,275.1,726607.156857264,7261188.46783071
24,Västerbottens län,2482,Skellefteå,1,275.1,768936.473931055,7244544.32697143
24,Västerbottens län,2482,Skellefteå,1,275.1,794453.419986891,7242120.06869728
24,Västerbottens län,2482,Skellefteå,1,275.1,795822.682238068,7237949.86663198
24,Västerbottens län,2482,Skellefteå,1,275.1,805246.452689884,7233151.71007853
24,Västerbottens län,2482,Skellefteå,1,275.1,799758.657233102,7220019.36428893
24,Västerbottens län,2482,Skellefteå,1,275.1,794262.410822693,7217562.31539592
24,Västerbottens län,2482,Skellefteå,1,275.1,796281.405167408,7211914.47331341
24,Västerbottens län,2482,Skellefteå,1,275.1,790570.411288579,7203640.1366031
24,Västerbottens län,2482,Skellefteå,1,275.1,785035.423888106,7204611.43295138
24,Västerbottens län,2482,Skellefteå,1,275.1,788205.881888285,7198443.34919933
24,Västerbottens län,2482,Skellefteå,1,275.1,797011.693589466,7197940.70531962
25,Norrbottens län,2505,Arvidsjaur,1,276.1,671519.95919194,7263836.35271939
25,Norrbottens län,2505,Arvidsjaur,1,276.1,665880.315411594,7263812.11390635
25,Norrbottens län,2505,Arvidsjaur,1,276.1,662634.379311015,7267367.84782798
25,Norrbottens län,2505,Arvidsjaur,1,276.1,658443.421292827,7269612.70378128
25,Norrbottens län,2505,Arvidsjaur,1,276.1,652213.989544981,7270991.59710689
25,Norrbottens län,2505,Arvidsjaur,1,276.1,649178.919444464,7273385.20678992
25,Norrbottens län,2505,Arvidsjaur,1,276.1,646597.363123986,7278150.13017226
25,Norrbottens län,2505,Arvidsjaur,1,276.1,651805.363759914,7279158.71046224
25,Norrbottens län,2505,Arvidsjaur,1,276.1,650298.771949537,7287101.77519373
25,Norrbottens län,2505,Arvidsjaur,1,276.1,660960.295091544,7283856.20822987
25,Norrbottens län,2505,Arvidsjaur,1,276.1,661276.89151038,7286844.6868545
25,Norrbottens län,2505,Arvidsjaur,1,276.1,656422.799589454,7290432.69422227
25,Norrbottens län,2505,Arvidsjaur,1,276.1,662048.235826228,7305497.98800445
25,Norrbottens län,2505,Arvidsjaur,1,276.1,657151.692211211,7316273.94114823
25,Norrbottens län,2505,Arvidsjaur,1,276.1,659128.062608757,7323523.92803512
25,Norrbottens län,2505,Arvidsjaur,1,276.1,664384.049129365,7329429.41075591
25,Norrbottens län,2505,Arvidsjaur,1,276.1,674593.803597439,7326969.25821678
25,Norrbottens län,2505,Arvidsjaur,1,276.1,682448.53217864,7345364.10282259
25,Norrbottens län,2505,Arvidsjaur,1,276.1,686323.704689793,7338855.15591338
25,Norrbottens län,2505,Arvidsjaur,1,276.1,690000.92910033,7337468.74696646
25,Norrbottens län,2505,Arvidsjaur,1,276.1,692496.838038531,7338219.76511289
25,Norrbottens län,2505,Arvidsjaur,1,276.1,696814.614534029,7337172.53893558
25,Norrbottens län,2505,Arvidsjaur,1,276.1,697672.113071074,7333861.12487532
25,Norrbottens län,2505,Arvidsjaur,1,276.1,704955.972080247,7332306.14601638
25,Norrbottens län,2505,Arvidsjaur,1,276.1,712872.081390088,7332902.97141338
25,Norrbottens län,2505,Arvidsjaur,1,276.1,719233.51064765,7330234.24954304
25,Norrbottens län,2505,Arvidsjaur,1,276.1,723521.635715271,7330799.37416735
25,Norrbottens län,2505,Arvidsjaur,1,276.1,725416.169866468,7327785.17678984
25,Norrbottens län,2505,Arvidsjaur,1,276.1,729231.444908002,7325781.5444705
25,Norrbottens län,2505,Arvidsjaur,1,276.1,729910.139467942,7322689.69451201
25,Norrbottens län,2505,Arvidsjaur,1,276.1,737424.801592523,7320774.62111966
25,Norrbottens län,2505,Arvidsjaur,1,276.1,733611.67786944,7312035.70219009
25,Norrbottens län,2505,Arvidsjaur,1,276.1,739831.874821821,7285879.88300375
25,Norrbottens län,2505,Arvidsjaur,1,276.1,740390.59310681,7282935.40874928
25,Norrbottens län,2505,Arvidsjaur,1,276.1,733193.763139097,7275819.97719971
25,Norrbottens län,2505,Arvidsjaur,1,276.1,719734.477370794,7278010.07432563
25,Norrbottens län,2505,Arvidsjaur,1,276.1,716934.002771632,7276284.40866726
25,Norrbottens län,2505,Arvidsjaur,1,276.1,715029.79736394,7267819.20729693
25,Norrbottens län,2505,Arvidsjaur,1,276.1,726607.156857264,7261188.46783071
25,Norrbottens län,2505,Arvidsjaur,1,276.1,717551.942578678,7240365.4006647
25,Norrbottens län,2505,Arvidsjaur,1,276.1,715176.809220118,7237587.4218164
25,Norrbottens län,2505,Arvidsjaur,1,276.1,706842.314737326,7232402.61419308
25,Norrbottens län,2505,Arvidsjaur,1,276.1,702841.304533609,7236439.84856218
25,Norrbottens län,2505,Arvidsjaur,1,276.1,698868.947064904,7238862.67586791
25,Norrbottens län,2505,Arvidsjaur,1,276.1,698547.072734067,7241515.13786559
25,Norrbottens län,2505,Arvidsjaur,1,276.1,700016.262102851,7243983.54328641
25,Norrbottens län,2505,Arvidsjaur,1,276.1,690430.584841418,7250408.84684431
25,Norrbottens län,2505,Arvidsjaur,1,276.1,688354.521499778,7249816.37629437
25,Norrbottens län,2505,Arvidsjaur,1,276.1,688031.631889402,7252467.79553647
25,Norrbottens län,2505,Arvidsjaur,1,276.1,683378.812590682,7254155.94453619
25,Norrbottens län,2505,Arvidsjaur,1,276.1,678988.589342294,7256420.34921617
25,Norrbottens län,2505,Arvidsjaur,1,276.1,677449.882266579,7258996.18110911
25,Norrbottens län,2505,Arvidsjaur,1,276.1,674766.935177826,7260278.59336097
25,Norrbottens län,2505,Arvidsjaur,1,276.1,673847.353713649,7262991.32687288
25,Norrbottens län,2505,Arvidsjaur,1,276.1,671519.95919194,7263836.35271939
25,Norrbottens län,2506,Arjeplog,1,277.1,638270.454498565,7301499.34273071
25,Norrbottens län,2506,Arjeplog,1,277.1,643227.215461891,7287492.95694406
25,Norrbottens län,2506,Arjeplog,1,277.1,647400.587296412,7288877.2166282
25,Norrbottens län,2506,Arjeplog,1,277.1,650298.771949537,7287101.77519373
25,Norrbottens län,2506,Arjeplog,1,277.1,651805.363759914,7279158.71046224
25,Norrbottens län,2506,Arjeplog,1,277.1,646597.363123986,7278150.13017226
25,Norrbottens län,2506,Arjeplog,1,277.1,641584.745410848,7279605.54533966
25,Norrbottens län,2506,Arjeplog,1,277.1,628495.319888198,7283368.83929936
25,Norrbottens län,2506,Arjeplog,1,277.1,622312.299215059,7285817.97214405
25,Norrbottens län,2506,Arjeplog,1,277.1,580574.915610023,7326970.51923568
25,Norrbottens län,2506,Arjeplog,1,277.1,571508.326869659,7326895.88784531
25,Norrbottens län,2506,Arjeplog,1,277.1,536898.260964169,7353616.40146057
25,Norrbottens län,2506,Arjeplog,1,277.1,520813.439867893,7359499.17809251
25,Norrbottens län,2506,Arjeplog,1,277.1,517313.999994517,7373958.38575053
25,Norrbottens län,2506,Arjeplog,1,277.1,528129.476182059,7386741.9920849
25,Norrbottens län,2506,Arjeplog,1,277.1,543739.275685388,7418166.27481849
25,Norrbottens län,2506,Arjeplog,1,277.1,548377.219134653,7423933.62076904
25,Norrbottens län,2506,Arjeplog,1,277.1,559936.513322928,7434226.4132093
25,Norrbottens län,2506,Arjeplog,1,277.1,561700.860187403,7450894.55633401
25,Norrbottens län,2506,Arjeplog,1,277.1,577005.144821552,7439521.19902847
25,Norrbottens län,2506,Arjeplog,1,277.1,594595.806436858,7428851.98212382
25,Norrbottens län,2506,Arjeplog,1,277.1,618696.61601159,7403615.14134019
25,Norrbottens län,2506,Arjeplog,1,277.1,639520.519365656,7396842.94668275
25,Norrbottens län,2506,Arjeplog,1,277.1,664762.4547172,7382365.1033587
25,Norrbottens län,2506,Arjeplog,1,277.1,669750.153279456,7366745.4689224
25,Norrbottens län,2506,Arjeplog,1,277.1,668947.997585959,7359172.55075461
25,Norrbottens län,2506,Arjeplog,1,277.1,682448.53217864,7345364.10282259
25,Norrbottens län,2506,Arjeplog,1,277.1,674593.803597439,7326969.25821678
25,Norrbottens län,2506,Arjeplog,1,277.1,664384.049129365,7329429.41075591
25,Norrbottens län,2506,Arjeplog,1,277.1,659128.062608757,7323523.92803512
25,Norrbottens län,2506,Arjeplog,1,277.1,657151.692211211,7316273.94114823
25,Norrbottens län,2506,Arjeplog,1,277.1,662048.235826228,7305497.98800445
25,Norrbottens län,2506,Arjeplog,1,277.1,656422.799589454,7290432.69422227
25,Norrbottens län,2506,Arjeplog,1,277.1,653902.231366939,7293242.78415029
25,Norrbottens län,2506,Arjeplog,1,277.1,654610.952817989,7298004.92729273
25,Norrbottens län,2506,Arjeplog,1,277.1,651015.643827064,7300187.31614504
25,Norrbottens län,2506,Arjeplog,1,277.1,645156.464817852,7299984.10698565
25,Norrbottens län,2506,Arjeplog,1,277.1,633007.195813824,7314526.88099836
25,Norrbottens län,2506,Arjeplog,1,277.1,634857.940337816,7320581.35969498
25,Norrbottens län,2506,Arjeplog,1,277.1,632589.331760648,7327663.621471
25,Norrbottens län,2506,Arjeplog,1,277.1,639174.68951715,7329001.07006027
25,Norrbottens län,2506,Arjeplog,1,277.1,640665.063445103,7331666.67800993
25,Norrbottens län,2506,Arjeplog,1,277.1,637973.776738468,7334763.37810094
25,Norrbottens län,2506,Arjeplog,1,277.1,633935.422398651,7332761.82016728
25,Norrbottens län,2506,Arjeplog,1,277.1,629535.901793143,7336839.28293545
25,Norrbottens län,2506,Arjeplog,1,277.1,626804.476662715,7343364.64292789
25,Norrbottens län,2506,Arjeplog,1,277.1,619533.182723179,7346932.1430390105
25,Norrbottens län,2506,Arjeplog,1,277.1,614484.794684811,7352485.78299114
25,Norrbottens län,2506,Arjeplog,1,277.1,608819.319372187,7357902.44832445
25,Norrbottens län,2506,Arjeplog,1,277.1,603813.768731442,7363855.44476388
25,Norrbottens län,2506,Arjeplog,1,277.1,593262.04617597,7368767.08053418
25,Norrbottens län,2506,Arjeplog,1,277.1,592126.406059387,7365661.21915044
25,Norrbottens län,2506,Arjeplog,1,277.1,603882.778011144,7358813.57481949
25,Norrbottens län,2506,Arjeplog,1,277.1,610091.963556742,7350924.53883641
25,Norrbottens län,2506,Arjeplog,1,277.1,610758.588447929,7345819.35800103
25,Norrbottens län,2506,Arjeplog,1,277.1,617873.451000034,7342671.76077966
25,Norrbottens län,2506,Arjeplog,1,277.1,623654.397858728,7336437.64829622
25,Norrbottens län,2506,Arjeplog,1,277.1,628965.270373762,7331460.13880333
25,Norrbottens län,2506,Arjeplog,1,277.1,625170.039419362,7329835.65459163
25,Norrbottens län,2506,Arjeplog,1,277.1,619831.254127602,7326960.61367674
25,Norrbottens län,2506,Arjeplog,1,277.1,624930.744603069,7319990.8183893
25,Norrbottens län,2506,Arjeplog,1,277.1,625525.602534,7316103.34561389
25,Norrbottens län,2506,Arjeplog,1,277.1,623887.180512538,7312042.19989864
25,Norrbottens län,2506,Arjeplog,1,277.1,624959.341911915,7305084.56243233
25,Norrbottens län,2506,Arjeplog,1,277.1,628806.824920945,7305290.94925559
25,Norrbottens län,2506,Arjeplog,1,277.1,630898.702799483,7311723.39812944
25,Norrbottens län,2506,Arjeplog,1,277.1,638270.454498565,7301499.34273071
25,Norrbottens län,2510,Jokkmokk,1,278.1,693100.882123412,7455992.67990853
25,Norrbottens län,2510,Jokkmokk,1,278.1,706240.559381425,7446989.6956362
25,Norrbottens län,2510,Jokkmokk,1,278.1,710803.33548631,7436851.46447829
25,Norrbottens län,2510,Jokkmokk,1,278.1,733593.2192386,7422021.96037731
25,Norrbottens län,2510,Jokkmokk,1,278.1,748118.363041634,7414687.02392577
25,Norrbottens län,2510,Jokkmokk,1,278.1,764966.819821815,7402682.46595531
25,Norrbottens län,2510,Jokkmokk,1,278.1,782276.437530848,7366523.70175503
25,Norrbottens län,2510,Jokkmokk,1,278.1,770303.312807356,7375140.29636772
25,Norrbottens län,2510,Jokkmokk,1,278.1,758316.68365984,7370330.0141738
25,Norrbottens län,2510,Jokkmokk,1,278.1,743880.902016995,7331660.37135662
25,Norrbottens län,2510,Jokkmokk,1,278.1,737424.801592523,7320774.62111966
25,Norrbottens län,2510,Jokkmokk,1,278.1,729910.139467942,7322689.69451201
25,Norrbottens län,2510,Jokkmokk,1,278.1,729231.444908002,7325781.5444705
25,Norrbottens län,2510,Jokkmokk,1,278.1,725416.169866468,7327785.17678984
25,Norrbottens län,2510,Jokkmokk,1,278.1,723521.635715271,7330799.37416735
25,Norrbottens län,2510,Jokkmokk,1,278.1,719233.51064765,7330234.24954304
25,Norrbottens län,2510,Jokkmokk,1,278.1,712872.081390088,7332902.97141338
25,Norrbottens län,2510,Jokkmokk,1,278.1,704955.972080247,7332306.14601638
25,Norrbottens län,2510,Jokkmokk,1,278.1,697672.113071074,7333861.12487532
25,Norrbottens län,2510,Jokkmokk,1,278.1,696814.614534029,7337172.53893558
25,Norrbottens län,2510,Jokkmokk,1,278.1,692496.838038531,7338219.76511289
25,Norrbottens län,2510,Jokkmokk,1,278.1,690000.92910033,7337468.74696646
25,Norrbottens län,2510,Jokkmokk,1,278.1,686323.704689793,7338855.15591338
25,Norrbottens län,2510,Jokkmokk,1,278.1,682448.53217864,7345364.10282259
25,Norrbottens län,2510,Jokkmokk,1,278.1,668947.997585959,7359172.55075461
25,Norrbottens län,2510,Jokkmokk,1,278.1,669750.153279456,7366745.4689224
25,Norrbottens län,2510,Jokkmokk,1,278.1,664762.4547172,7382365.1033587
25,Norrbottens län,2510,Jokkmokk,1,278.1,639520.519365656,7396842.94668275
25,Norrbottens län,2510,Jokkmokk,1,278.1,618696.61601159,7403615.14134019
25,Norrbottens län,2510,Jokkmokk,1,278.1,594595.806436858,7428851.98212382
25,Norrbottens län,2510,Jokkmokk,1,278.1,577005.144821552,7439521.19902847
25,Norrbottens län,2510,Jokkmokk,1,278.1,561700.860187403,7450894.55633401
25,Norrbottens län,2510,Jokkmokk,1,278.1,560037.354597937,7457981.95471716
25,Norrbottens län,2510,Jokkmokk,1,278.1,547745.757100375,7478779.26831573
25,Norrbottens län,2510,Jokkmokk,1,278.1,551191.403033962,7488496.22024268
25,Norrbottens län,2510,Jokkmokk,1,278.1,560448.436386805,7490364.09536736
25,Norrbottens län,2510,Jokkmokk,1,278.1,565045.479426617,7499560.32273093
25,Norrbottens län,2510,Jokkmokk,1,278.1,571890.380465705,7531886.55117912
25,Norrbottens län,2510,Jokkmokk,1,278.1,574288.76982147,7534259.18829034
25,Norrbottens län,2510,Jokkmokk,1,278.1,580674.121683865,7531187.30615959
25,Norrbottens län,2510,Jokkmokk,1,278.1,585378.315480549,7528086.47612351
25,Norrbottens län,2510,Jokkmokk,1,278.1,587177.777016173,7522262.46383332
25,Norrbottens län,2510,Jokkmokk,1,278.1,595164.787278886,7521642.73232028
25,Norrbottens län,2510,Jokkmokk,1,278.1,600421.733770643,7514255.10740255
25,Norrbottens län,2510,Jokkmokk,1,278.1,604582.893147916,7513626.47838424
25,Norrbottens län,2510,Jokkmokk,1,278.1,604936.377974819,7509360.1302865
25,Norrbottens län,2510,Jokkmokk,1,278.1,610774.885596063,7509365.17712099
25,Norrbottens län,2510,Jokkmokk,1,278.1,617177.904998367,7507096.10920118
25,Norrbottens län,2510,Jokkmokk,1,278.1,623558.375548739,7500801.65887815
25,Norrbottens län,2510,Jokkmokk,1,278.1,629731.224393382,7500167.1569387
25,Norrbottens län,2510,Jokkmokk,1,278.1,636195.328415659,7494669.51465128
25,Norrbottens län,2510,Jokkmokk,1,278.1,642659.452676169,7489171.80304133
25,Norrbottens län,2510,Jokkmokk,1,278.1,649908.653606199,7481579.686843
25,Norrbottens län,2510,Jokkmokk,1,278.1,658661.997164476,7482492.31302787
25,Norrbottens län,2510,Jokkmokk,1,278.1,666383.774989707,7477469.69700439
25,Norrbottens län,2510,Jokkmokk,1,278.1,668937.206427105,7471166.10680204
25,Norrbottens län,2510,Jokkmokk,1,278.1,673496.049865859,7470495.46650776
25,Norrbottens län,2510,Jokkmokk,1,278.1,678274.249390036,7466178.33986653
25,Norrbottens län,2510,Jokkmokk,1,278.1,685888.743543758,7456330.99376936
25,Norrbottens län,2510,Jokkmokk,1,278.1,693100.882123412,7455992.67990853
25,Norrbottens län,2513,Överkalix,1,279.1,852048.743716184,7416900.03453647
25,Norrbottens län,2513,Överkalix,1,279.1,854986.298861141,7418008.06829401
25,Norrbottens län,2513,Överkalix,1,279.1,861153.195177826,7392594.55734318
25,Norrbottens län,2513,Överkalix,1,279.1,860950.429207588,7388789.02009556
25,Norrbottens län,2513,Överkalix,1,279.1,863989.659268963,7387065.36073261
25,Norrbottens län,2513,Överkalix,1,279.1,865486.085523205,7384091.75796738
25,Norrbottens län,2513,Överkalix,1,279.1,863870.065609871,7380227.9335133
25,Norrbottens län,2513,Överkalix,1,279.1,866938.14463288,7376891.64529606
25,Norrbottens län,2513,Överkalix,1,279.1,869649.01306503,7370165.76434283
25,Norrbottens län,2513,Överkalix,1,279.1,869949.541761908,7361606.73986191
25,Norrbottens län,2513,Överkalix,1,279.1,859409.255882256,7360944.67975718
25,Norrbottens län,2513,Överkalix,1,279.1,857874.858175951,7357878.93663275
25,Norrbottens län,2513,Överkalix,1,279.1,854908.395217902,7358384.63516401
25,Norrbottens län,2513,Överkalix,1,279.1,855361.771142735,7360756.43329478
25,Norrbottens län,2513,Överkalix,1,279.1,851093.618414243,7360389.35103517
25,Norrbottens län,2513,Överkalix,1,279.1,837951.213107595,7365567.51007199
25,Norrbottens län,2513,Överkalix,1,279.1,830612.261720686,7353965.27863948
25,Norrbottens län,2513,Överkalix,1,279.1,818918.831879714,7371553.45269089
25,Norrbottens län,2513,Överkalix,1,279.1,810501.780964705,7384908.87495938
25,Norrbottens län,2513,Överkalix,1,279.1,816088.348706616,7389168.84127541
25,Norrbottens län,2513,Överkalix,1,279.1,814810.630292543,7405617.29330826
25,Norrbottens län,2513,Överkalix,1,279.1,808357.776942469,7413130.24640977
25,Norrbottens län,2513,Överkalix,1,279.1,812631.587392113,7432567.30968332
25,Norrbottens län,2513,Överkalix,1,279.1,852048.743716184,7416900.03453647
03,Uppsala län,0330,Knivsta,1,28.1,646495.173885315,6624634.78654398
03,Uppsala län,0330,Knivsta,1,28.1,646669.543573469,6625868.64303206
03,Uppsala län,0330,Knivsta,1,28.1,646793.679647919,6627725.79133335
03,Uppsala län,0330,Knivsta,1,28.1,647227.68850902,6629053.80726012
03,Uppsala län,0330,Knivsta,1,28.1,648706.603735191,6630218.16544401
03,Uppsala län,0330,Knivsta,1,28.1,649687.680009786,6631838.19158405
03,Uppsala län,0330,Knivsta,1,28.1,650157.074532763,6630988.96259785
03,Uppsala län,0330,Knivsta,1,28.1,650026.80577346,6629553.76812324
03,Uppsala län,0330,Knivsta,1,28.1,651302.808980528,6628395.71226853
03,Uppsala län,0330,Knivsta,1,28.1,653181.467592127,6628895.16563372
03,Uppsala län,0330,Knivsta,1,28.1,653571.018084876,6629465.49716748
03,Uppsala län,0330,Knivsta,1,28.1,655239.635895218,6630386.17678381
03,Uppsala län,0330,Knivsta,1,28.1,655456.245296362,6632442.90883883
03,Uppsala län,0330,Knivsta,1,28.1,656318.249251529,6633569.81865146
03,Uppsala län,0330,Knivsta,1,28.1,656984.269497428,6634816.80337775
03,Uppsala län,0330,Knivsta,1,28.1,657504.525189644,6635106.78802918
03,Uppsala län,0330,Knivsta,1,28.1,658146.14154718,6635052.35341493
03,Uppsala län,0330,Knivsta,1,28.1,659373.880392017,6634890.24352188
03,Uppsala län,0330,Knivsta,1,28.1,660393.095001749,6634385.33706967
03,Uppsala län,0330,Knivsta,1,28.1,661476.939199266,6634186.74784232
03,Uppsala län,0330,Knivsta,1,28.1,662551.804340735,6634679.26588882
03,Uppsala län,0330,Knivsta,1,28.1,663732.163812339,6634799.68272381
03,Uppsala län,0330,Knivsta,1,28.1,664765.033943777,6634645.56892862
03,Uppsala län,0330,Knivsta,1,28.1,665620.785583783,6634010.10112655
03,Uppsala län,0330,Knivsta,1,28.1,666674.109696412,6633637.11404403
03,Uppsala län,0330,Knivsta,1,28.1,667718.04714597,6633941.31404415
03,Uppsala län,0330,Knivsta,1,28.1,668738.483947985,6634446.63177474
03,Uppsala län,0330,Knivsta,1,28.1,669661.89077567,6636138.21075544
03,Uppsala län,0330,Knivsta,1,28.1,671156.512889232,6635293.01535952
03,Uppsala län,0330,Knivsta,1,28.1,671921.28180052,6634160.43646585
03,Uppsala län,0330,Knivsta,1,28.1,673029.658775309,6634502.4503384
03,Uppsala län,0330,Knivsta,1,28.1,673683.650163887,6634470.88341479
03,Uppsala län,0330,Knivsta,1,28.1,674782.69688137,6634946.79442077
03,Uppsala län,0330,Knivsta,1,28.1,676059.840254652,6634898.51458611
03,Uppsala län,0330,Knivsta,1,28.1,673626.287350391,6626068.49689119
03,Uppsala län,0330,Knivsta,1,28.1,672422.681971402,6626051.85883773
03,Uppsala län,0330,Knivsta,1,28.1,671233.952295508,6625717.44763124
03,Uppsala län,0330,Knivsta,1,28.1,670681.388037132,6626017.68247355
03,Uppsala län,0330,Knivsta,1,28.1,669188.075936558,6624748.73563782
03,Uppsala län,0330,Knivsta,1,28.1,668002.171638249,6624675.31964927
03,Uppsala län,0330,Knivsta,1,28.1,666210.538463513,6623107.79726854
03,Uppsala län,0330,Knivsta,1,28.1,665240.961130516,6622511.11015961
03,Uppsala län,0330,Knivsta,1,28.1,664129.501981029,6622400.61600916
03,Uppsala län,0330,Knivsta,1,28.1,659741.382829808,6620500.60116299
03,Uppsala län,0330,Knivsta,1,28.1,660067.417602571,6619752.69458438
03,Uppsala län,0330,Knivsta,1,28.1,658987.862857167,6619155.67852444
03,Uppsala län,0330,Knivsta,1,28.1,658363.589329004,6619681.00037293
03,Uppsala län,0330,Knivsta,1,28.1,657141.801980269,6619682.14883667
03,Uppsala län,0330,Knivsta,1,28.1,655875.089160861,6618936.8845658
03,Uppsala län,0330,Knivsta,1,28.1,655193.766075647,6617328.90249528
03,Uppsala län,0330,Knivsta,1,28.1,654120.564899024,6617443.83857386
03,Uppsala län,0330,Knivsta,1,28.1,653763.345856127,6618866.22426981
03,Uppsala län,0330,Knivsta,1,28.1,652320.86111137,6619092.64846367
03,Uppsala län,0330,Knivsta,1,28.1,651552.185960692,6620065.12520924
03,Uppsala län,0330,Knivsta,1,28.1,649996.525702966,6620143.1967587
03,Uppsala län,0330,Knivsta,1,28.1,648325.861718113,6620388.84223229
03,Uppsala län,0330,Knivsta,1,28.1,646495.173885315,6624634.78654398
25,Norrbottens län,2514,Kalix,1,280.1,857645.932982538,7319624.7321333
25,Norrbottens län,2514,Kalix,1,280.1,854265.956549521,7327628.05223176
25,Norrbottens län,2514,Kalix,1,280.1,850273.412039877,7329851.58069453
25,Norrbottens län,2514,Kalix,1,280.1,848887.953815616,7328181.77822909
25,Norrbottens län,2514,Kalix,1,280.1,850925.323775149,7318906.24818437
25,Norrbottens län,2514,Kalix,1,280.1,855816.311166659,7313770.29558872
25,Norrbottens län,2514,Kalix,1,280.1,856233.516183581,7310100.73747391
25,Norrbottens län,2514,Kalix,1,280.1,852732.597310117,7311265.67222703
25,Norrbottens län,2514,Kalix,1,280.1,848119.258382087,7316508.19292287
25,Norrbottens län,2514,Kalix,1,280.1,841049.936379242,7334023.63457667
25,Norrbottens län,2514,Kalix,1,280.1,842100.147692038,7336333.09485063
25,Norrbottens län,2514,Kalix,1,280.1,830612.261720686,7353965.27863948
25,Norrbottens län,2514,Kalix,1,280.1,837951.213107595,7365567.51007199
25,Norrbottens län,2514,Kalix,1,280.1,851093.618414243,7360389.35103517
25,Norrbottens län,2514,Kalix,1,280.1,855361.771142735,7360756.43329478
25,Norrbottens län,2514,Kalix,1,280.1,854908.395217902,7358384.63516401
25,Norrbottens län,2514,Kalix,1,280.1,857874.858175951,7357878.93663275
25,Norrbottens län,2514,Kalix,1,280.1,859409.255882256,7360944.67975718
25,Norrbottens län,2514,Kalix,1,280.1,869949.541761908,7361606.73986191
25,Norrbottens län,2514,Kalix,1,280.1,870120.911854073,7355613.02153835
25,Norrbottens län,2514,Kalix,1,280.1,876825.959963722,7350490.56989179
25,Norrbottens län,2514,Kalix,1,280.1,891072.715917125,7332909.21131191
25,Norrbottens län,2514,Kalix,1,280.1,892235.142012959,7324261.08490932
25,Norrbottens län,2514,Kalix,1,280.1,886966.495917324,7326481.25126391
25,Norrbottens län,2514,Kalix,1,280.1,885002.933667845,7321243.92022491
25,Norrbottens län,2514,Kalix,1,280.1,877978.451811785,7323376.47427676
25,Norrbottens län,2514,Kalix,1,280.1,874876.968636823,7324501.53198092
25,Norrbottens län,2514,Kalix,1,280.1,873122.75384929,7321256.95960533
25,Norrbottens län,2514,Kalix,1,280.1,871376.122538415,7312371.52128809
25,Norrbottens län,2514,Kalix,1,280.1,866377.887240742,7316511.17020527
25,Norrbottens län,2514,Kalix,1,280.1,857645.932982538,7319624.7321333
25,Norrbottens län,2518,Övertorneå,1,281.1,889385.411267082,7360684.68393999
25,Norrbottens län,2518,Övertorneå,1,281.1,876825.959963722,7350490.56989179
25,Norrbottens län,2518,Övertorneå,1,281.1,870120.911854073,7355613.02153835
25,Norrbottens län,2518,Övertorneå,1,281.1,869949.541761908,7361606.73986191
25,Norrbottens län,2518,Övertorneå,1,281.1,869649.01306503,7370165.76434283
25,Norrbottens län,2518,Övertorneå,1,281.1,866938.14463288,7376891.64529606
25,Norrbottens län,2518,Övertorneå,1,281.1,863870.065609871,7380227.9335133
25,Norrbottens län,2518,Övertorneå,1,281.1,865486.085523205,7384091.75796738
25,Norrbottens län,2518,Övertorneå,1,281.1,863989.659268963,7387065.36073261
25,Norrbottens län,2518,Övertorneå,1,281.1,860950.429207588,7388789.02009556
25,Norrbottens län,2518,Övertorneå,1,281.1,861153.195177826,7392594.55734318
25,Norrbottens län,2518,Övertorneå,1,281.1,854986.298861141,7418008.06829401
25,Norrbottens län,2518,Övertorneå,1,281.1,870202.659610403,7422891.18877858
25,Norrbottens län,2518,Övertorneå,1,281.1,859875.272940785,7452760.50782385
25,Norrbottens län,2518,Övertorneå,1,281.1,887919.498229611,7449475.82988125
25,Norrbottens län,2518,Övertorneå,1,281.1,892770.374537708,7443940.83591023
25,Norrbottens län,2518,Övertorneå,1,281.1,894781.134233788,7440108.93362483
25,Norrbottens län,2518,Övertorneå,1,281.1,894536.713140249,7435903.74721181
25,Norrbottens län,2518,Övertorneå,1,281.1,891789.807978074,7436589.10031397
25,Norrbottens län,2518,Övertorneå,1,281.1,891451.191721268,7433400.70018396
25,Norrbottens län,2518,Övertorneå,1,281.1,892735.286295443,7424605.34499602
25,Norrbottens län,2518,Övertorneå,1,281.1,892114.696132907,7420640.28760892
25,Norrbottens län,2518,Övertorneå,1,281.1,893125.657022905,7413082.35488345
25,Norrbottens län,2518,Övertorneå,1,281.1,890532.787231526,7409521.75552144
25,Norrbottens län,2518,Övertorneå,1,281.1,890971.73840263,7406051.42343307
25,Norrbottens län,2518,Övertorneå,1,281.1,887594.727568683,7404584.69278853
25,Norrbottens län,2518,Övertorneå,1,281.1,887611.717077328,7400955.90938495
25,Norrbottens län,2518,Övertorneå,1,281.1,884569.959114912,7398851.52449577
25,Norrbottens län,2518,Övertorneå,1,281.1,884651.190027204,7395820.58039577
25,Norrbottens län,2518,Övertorneå,1,281.1,887458.836319672,7391906.91423026
25,Norrbottens län,2518,Övertorneå,1,281.1,886004.196046321,7381983.08557896
25,Norrbottens län,2518,Övertorneå,1,281.1,892222.133892456,7368450.38004066
25,Norrbottens län,2518,Övertorneå,1,281.1,898535.220441426,7366590.91877573
25,Norrbottens län,2518,Övertorneå,1,281.1,894212.239534304,7364418.05199539
25,Norrbottens län,2518,Övertorneå,1,281.1,894848.310366142,7360928.22903985
25,Norrbottens län,2518,Övertorneå,1,281.1,891983.301083084,7358603.21827379
25,Norrbottens län,2518,Övertorneå,1,281.1,889385.411267082,7360684.68393999
25,Norrbottens län,2521,Pajala,1,282.1,874826.001632035,7496954.96272643
25,Norrbottens län,2521,Pajala,1,282.1,876974.076081253,7496331.95382939
25,Norrbottens län,2521,Pajala,1,282.1,875523.516785661,7490235.16801939
25,Norrbottens län,2521,Pajala,1,282.1,870268.691071257,7488156.79208228
25,Norrbottens län,2521,Pajala,1,282.1,869542.303393599,7483194.44309318
25,Norrbottens län,2521,Pajala,1,282.1,871061.389027166,7480419.27511014
25,Norrbottens län,2521,Pajala,1,282.1,870261.143445212,7476673.94145495
25,Norrbottens län,2521,Pajala,1,282.1,875740.845418248,7469462.35153961
25,Norrbottens län,2521,Pajala,1,282.1,876763.914692463,7463918.74305871
25,Norrbottens län,2521,Pajala,1,282.1,881278.50663226,7459022.48270108
25,Norrbottens län,2521,Pajala,1,282.1,883647.265296847,7458577.2718776
25,Norrbottens län,2521,Pajala,1,282.1,884505.277721581,7455267.4528005
25,Norrbottens län,2521,Pajala,1,282.1,887188.943083666,7453983.32728778
25,Norrbottens län,2521,Pajala,1,282.1,887919.498229611,7449475.82988125
25,Norrbottens län,2521,Pajala,1,282.1,859875.272940785,7452760.50782385
25,Norrbottens län,2521,Pajala,1,282.1,870202.659610403,7422891.18877858
25,Norrbottens län,2521,Pajala,1,282.1,854986.298861141,7418008.06829401
25,Norrbottens län,2521,Pajala,1,282.1,852048.743716184,7416900.03453647
25,Norrbottens län,2521,Pajala,1,282.1,812631.587392113,7432567.30968332
25,Norrbottens län,2521,Pajala,1,282.1,814008.260306336,7441759.55062629
25,Norrbottens län,2521,Pajala,1,282.1,795770.943743126,7478683.83644951
25,Norrbottens län,2521,Pajala,1,282.1,799346.519961895,7488992.49498847
25,Norrbottens län,2521,Pajala,1,282.1,806465.356852791,7511226.43980239
25,Norrbottens län,2521,Pajala,1,282.1,814406.105628259,7532972.37892204
25,Norrbottens län,2521,Pajala,1,282.1,827791.244947327,7545297.33638723
25,Norrbottens län,2521,Pajala,1,282.1,842930.060826609,7583697.12996275
25,Norrbottens län,2521,Pajala,1,282.1,845835.981927547,7580713.34398008
25,Norrbottens län,2521,Pajala,1,282.1,849374.073329805,7572291.07362666
25,Norrbottens län,2521,Pajala,1,282.1,852404.721607279,7572383.74113936
25,Norrbottens län,2521,Pajala,1,282.1,853304.804329396,7569470.6502275
25,Norrbottens län,2521,Pajala,1,282.1,855914.557429174,7569404.80743916
25,Norrbottens län,2521,Pajala,1,282.1,857286.062177291,7565234.91634902
25,Norrbottens län,2521,Pajala,1,282.1,860871.731361439,7564867.84813155
25,Norrbottens län,2521,Pajala,1,282.1,862209.179877153,7558484.57803499
25,Norrbottens län,2521,Pajala,1,282.1,857510.561906025,7555945.22673101
25,Norrbottens län,2521,Pajala,1,282.1,856509.339222714,7548392.4397166
25,Norrbottens län,2521,Pajala,1,282.1,857880.762692044,7544223.51398809
25,Norrbottens län,2521,Pajala,1,282.1,858472.515018212,7532679.67283458
25,Norrbottens län,2521,Pajala,1,282.1,862463.356149301,7526629.97648874
25,Norrbottens län,2521,Pajala,1,282.1,861703.006714287,7519455.29435876
25,Norrbottens län,2521,Pajala,1,282.1,859689.005270191,7519460.01250501
25,Norrbottens län,2521,Pajala,1,282.1,861186.747371682,7516486.6529762
25,Norrbottens län,2521,Pajala,1,282.1,858562.128549269,7510712.61749684
25,Norrbottens län,2521,Pajala,1,282.1,863026.350169996,7507232.92729453
25,Norrbottens län,2521,Pajala,1,282.1,864233.679470503,7509122.61092561
25,Norrbottens län,2521,Pajala,1,282.1,870815.954389724,7506633.48814341
25,Norrbottens län,2521,Pajala,1,282.1,872222.555383387,7508502.79105398
25,Norrbottens län,2521,Pajala,1,282.1,875333.772703313,7505566.40829677
25,Norrbottens län,2521,Pajala,1,282.1,874314.946633014,7501641.21259406
25,Norrbottens län,2521,Pajala,1,282.1,874826.001632035,7496954.96272643
25,Norrbottens län,2523,Gällivare,1,283.1,693100.882123412,7455992.67990853
25,Norrbottens län,2523,Gällivare,1,283.1,685888.743543758,7456330.99376936
25,Norrbottens län,2523,Gällivare,1,283.1,678274.249390036,7466178.33986653
25,Norrbottens län,2523,Gällivare,1,283.1,673496.049865859,7470495.46650776
25,Norrbottens län,2523,Gällivare,1,283.1,668937.206427105,7471166.10680204
25,Norrbottens län,2523,Gällivare,1,283.1,666383.774989707,7477469.69700439
25,Norrbottens län,2523,Gällivare,1,283.1,658661.997164476,7482492.31302787
25,Norrbottens län,2523,Gällivare,1,283.1,649908.653606199,7481579.686843
25,Norrbottens län,2523,Gällivare,1,283.1,642659.452676169,7489171.80304133
25,Norrbottens län,2523,Gällivare,1,283.1,636195.328415659,7494669.51465128
25,Norrbottens län,2523,Gällivare,1,283.1,629731.224393382,7500167.1569387
25,Norrbottens län,2523,Gällivare,1,283.1,623558.375548739,7500801.65887815
25,Norrbottens län,2523,Gällivare,1,283.1,617177.904998367,7507096.10920118
25,Norrbottens län,2523,Gällivare,1,283.1,610774.885596063,7509365.17712099
25,Norrbottens län,2523,Gällivare,1,283.1,604936.377974819,7509360.1302865
25,Norrbottens län,2523,Gällivare,1,283.1,604582.893147916,7513626.47838424
25,Norrbottens län,2523,Gällivare,1,283.1,600421.733770643,7514255.10740255
25,Norrbottens län,2523,Gällivare,1,283.1,595164.787278886,7521642.73232028
25,Norrbottens län,2523,Gällivare,1,283.1,587177.777016173,7522262.46383332
25,Norrbottens län,2523,Gällivare,1,283.1,585378.315480549,7528086.47612351
25,Norrbottens län,2523,Gällivare,1,283.1,580674.121683865,7531187.30615959
25,Norrbottens län,2523,Gällivare,1,283.1,574288.76982147,7534259.18829034
25,Norrbottens län,2523,Gällivare,1,283.1,591889.926556776,7547759.31527508
25,Norrbottens län,2523,Gällivare,1,283.1,595719.868744563,7555422.37103677
25,Norrbottens län,2523,Gällivare,1,283.1,611020.481902744,7547810.08260489
25,Norrbottens län,2523,Gällivare,1,283.1,622230.869194299,7539609.36592475
25,Norrbottens län,2523,Gällivare,1,283.1,623229.026194763,7543333.5262175
25,Norrbottens län,2523,Gällivare,1,283.1,626171.507464062,7538800.97289578
25,Norrbottens län,2523,Gällivare,1,283.1,640988.369295728,7530433.13769457
25,Norrbottens län,2523,Gällivare,1,283.1,663611.568173607,7531131.07666751
25,Norrbottens län,2523,Gällivare,1,283.1,669398.894585925,7532552.28628521
25,Norrbottens län,2523,Gällivare,1,283.1,682859.000582132,7534190.58487465
25,Norrbottens län,2523,Gällivare,1,283.1,689199.259901608,7531323.81134416
25,Norrbottens län,2523,Gällivare,1,283.1,694158.654510817,7530613.63239974
25,Norrbottens län,2523,Gällivare,1,283.1,703191.997635419,7528476.81835718
25,Norrbottens län,2523,Gällivare,1,283.1,712195.254202357,7524128.93207262
25,Norrbottens län,2523,Gällivare,1,283.1,717876.837572951,7524552.95424603
25,Norrbottens län,2523,Gällivare,1,283.1,722268.705338577,7522288.56489288
25,Norrbottens län,2523,Gällivare,1,283.1,724607.094569606,7523458.87988504
25,Norrbottens län,2523,Gällivare,1,283.1,727195.189078635,7523192.67101744
25,Norrbottens län,2523,Gällivare,1,283.1,728001.790372743,7521297.45903059
25,Norrbottens län,2523,Gällivare,1,283.1,745587.81780886,7512441.90230552
25,Norrbottens län,2523,Gällivare,1,283.1,760140.443233858,7499667.0405483805
25,Norrbottens län,2523,Gällivare,1,283.1,766933.127610425,7499171.54899356
25,Norrbottens län,2523,Gällivare,1,283.1,771546.955332758,7500912.43793784
25,Norrbottens län,2523,Gällivare,1,283.1,774452.013469123,7499809.3892628
25,Norrbottens län,2523,Gällivare,1,283.1,790448.982942363,7498770.81874789
25,Norrbottens län,2523,Gällivare,1,283.1,796263.845199379,7494748.88939119
25,Norrbottens län,2523,Gällivare,1,283.1,794930.135743015,7491662.78861884
25,Norrbottens län,2523,Gällivare,1,283.1,799346.519961895,7488992.49498847
25,Norrbottens län,2523,Gällivare,1,283.1,795770.943743126,7478683.83644951
25,Norrbottens län,2523,Gällivare,1,283.1,814008.260306336,7441759.55062629
25,Norrbottens län,2523,Gällivare,1,283.1,812631.587392113,7432567.30968332
25,Norrbottens län,2523,Gällivare,1,283.1,808357.776942469,7413130.24640977
25,Norrbottens län,2523,Gällivare,1,283.1,814810.630292543,7405617.29330826
25,Norrbottens län,2523,Gällivare,1,283.1,816088.348706616,7389168.84127541
25,Norrbottens län,2523,Gällivare,1,283.1,810501.780964705,7384908.87495938
25,Norrbottens län,2523,Gällivare,1,283.1,797470.726142526,7378793.90474187
25,Norrbottens län,2523,Gällivare,1,283.1,785782.049719946,7367304.87953954
25,Norrbottens län,2523,Gällivare,1,283.1,782276.437530848,7366523.70175503
25,Norrbottens län,2523,Gällivare,1,283.1,764966.819821815,7402682.46595531
25,Norrbottens län,2523,Gällivare,1,283.1,748118.363041634,7414687.02392577
25,Norrbottens län,2523,Gällivare,1,283.1,733593.2192386,7422021.96037731
25,Norrbottens län,2523,Gällivare,1,283.1,710803.33548631,7436851.46447829
25,Norrbottens län,2523,Gällivare,1,283.1,706240.559381425,7446989.6956362
25,Norrbottens län,2523,Gällivare,1,283.1,693100.882123412,7455992.67990853
25,Norrbottens län,2560,Älvsbyn,1,284.1,733611.67786944,7312035.70219009
25,Norrbottens län,2560,Älvsbyn,1,284.1,737424.801592523,7320774.62111966
25,Norrbottens län,2560,Älvsbyn,1,284.1,743880.902016995,7331660.37135662
25,Norrbottens län,2560,Älvsbyn,1,284.1,768401.748839286,7317321.50268368
25,Norrbottens län,2560,Älvsbyn,1,284.1,778031.369013783,7311293.91792568
25,Norrbottens län,2560,Älvsbyn,1,284.1,792109.883599089,7297859.97032219
25,Norrbottens län,2560,Älvsbyn,1,284.1,783486.968041297,7290587.80091841
25,Norrbottens län,2560,Älvsbyn,1,284.1,785746.423409558,7285319.23435791
25,Norrbottens län,2560,Älvsbyn,1,284.1,782758.714048182,7285626.85938398
25,Norrbottens län,2560,Älvsbyn,1,284.1,781887.248680666,7283097.8800545
25,Norrbottens län,2560,Älvsbyn,1,284.1,775247.92880575,7279349.01899707
25,Norrbottens län,2560,Älvsbyn,1,284.1,763689.37768103,7286179.043715
25,Norrbottens län,2560,Älvsbyn,1,284.1,759621.763981124,7285791.8775949
25,Norrbottens län,2560,Älvsbyn,1,284.1,754005.004818159,7289793.35092934
25,Norrbottens län,2560,Älvsbyn,1,284.1,747209.493104556,7286464.49979645
25,Norrbottens län,2560,Älvsbyn,1,284.1,739831.874821821,7285879.88300375
25,Norrbottens län,2560,Älvsbyn,1,284.1,733611.67786944,7312035.70219009
25,Norrbottens län,2580,Luleå,1,285.1,842800.612079963,7320144.63409386
25,Norrbottens län,2580,Luleå,1,285.1,838746.550532709,7325597.26208118
25,Norrbottens län,2580,Luleå,1,285.1,834268.092532004,7323237.69443678
25,Norrbottens län,2580,Luleå,1,285.1,833286.761829191,7315885.356618
25,Norrbottens län,2580,Luleå,1,285.1,834056.812475699,7307949.57105754
25,Norrbottens län,2580,Luleå,1,285.1,835392.833753106,7301565.9792132
25,Norrbottens län,2580,Luleå,1,285.1,836814.564213749,7295980.45045453
25,Norrbottens län,2580,Luleå,1,285.1,839735.253032556,7291249.13220102
25,Norrbottens län,2580,Luleå,1,285.1,837596.610702897,7290058.70199184
25,Norrbottens län,2580,Luleå,1,285.1,831725.123225573,7291670.2327111
25,Norrbottens län,2580,Luleå,1,285.1,829165.537209999,7290322.4088609
25,Norrbottens län,2580,Luleå,1,285.1,829477.444679637,7285656.60570559
25,Norrbottens län,2580,Luleå,1,285.1,824412.317722447,7285371.58891643
25,Norrbottens län,2580,Luleå,1,285.1,816694.607916716,7284755.53543931
25,Norrbottens län,2580,Luleå,1,285.1,823076.120924817,7278457.75337559
25,Norrbottens län,2580,Luleå,1,285.1,820211.564676953,7272977.25445363
25,Norrbottens län,2580,Luleå,1,285.1,813303.549767922,7277449.40423115
25,Norrbottens län,2580,Luleå,1,285.1,806712.69756351,7281753.58570749
25,Norrbottens län,2580,Luleå,1,285.1,799862.181304876,7289307.15220575
25,Norrbottens län,2580,Luleå,1,285.1,793313.250885264,7294009.71561417
25,Norrbottens län,2580,Luleå,1,285.1,792109.883599089,7297859.97032219
25,Norrbottens län,2580,Luleå,1,285.1,797347.573264565,7305479.72792046
25,Norrbottens län,2580,Luleå,1,285.1,804537.193434452,7301114.43082562
25,Norrbottens län,2580,Luleå,1,285.1,811135.720635767,7304465.03515597
25,Norrbottens län,2580,Luleå,1,285.1,815501.418756598,7311468.76518646
25,Norrbottens län,2580,Luleå,1,285.1,813670.034584512,7315083.00611814
25,Norrbottens län,2580,Luleå,1,285.1,823143.593124147,7322771.51362903
25,Norrbottens län,2580,Luleå,1,285.1,816546.88808134,7332716.04698
25,Norrbottens län,2580,Luleå,1,285.1,811987.515710285,7333386.27245485
25,Norrbottens län,2580,Luleå,1,285.1,813466.659995682,7347335.50060826
25,Norrbottens län,2580,Luleå,1,285.1,819368.573347681,7347936.56985488
25,Norrbottens län,2580,Luleå,1,285.1,816513.985332005,7370390.45520948
25,Norrbottens län,2580,Luleå,1,285.1,818918.831879714,7371553.45269089
25,Norrbottens län,2580,Luleå,1,285.1,830612.261720686,7353965.27863948
25,Norrbottens län,2580,Luleå,1,285.1,842100.147692038,7336333.09485063
25,Norrbottens län,2580,Luleå,1,285.1,841049.936379242,7334023.63457667
25,Norrbottens län,2580,Luleå,1,285.1,848119.258382087,7316508.19292287
25,Norrbottens län,2580,Luleå,1,285.1,842974.696293194,7316097.0040121
25,Norrbottens län,2580,Luleå,1,285.1,842800.612079963,7320144.63409386
25,Norrbottens län,2581,Piteå,1,286.1,739831.874821821,7285879.88300375
25,Norrbottens län,2581,Piteå,1,286.1,747209.493104556,7286464.49979645
25,Norrbottens län,2581,Piteå,1,286.1,754005.004818159,7289793.35092934
25,Norrbottens län,2581,Piteå,1,286.1,759621.763981124,7285791.8775949
25,Norrbottens län,2581,Piteå,1,286.1,763689.37768103,7286179.043715
25,Norrbottens län,2581,Piteå,1,286.1,775247.92880575,7279349.01899707
25,Norrbottens län,2581,Piteå,1,286.1,781887.248680666,7283097.8800545
25,Norrbottens län,2581,Piteå,1,286.1,782758.714048182,7285626.85938398
25,Norrbottens län,2581,Piteå,1,286.1,785746.423409558,7285319.23435791
25,Norrbottens län,2581,Piteå,1,286.1,783486.968041297,7290587.80091841
25,Norrbottens län,2581,Piteå,1,286.1,792109.883599089,7297859.97032219
25,Norrbottens län,2581,Piteå,1,286.1,793313.250885264,7294009.71561417
25,Norrbottens län,2581,Piteå,1,286.1,799862.181304876,7289307.15220575
25,Norrbottens län,2581,Piteå,1,286.1,806712.69756351,7281753.58570749
25,Norrbottens län,2581,Piteå,1,286.1,813303.549767922,7277449.40423115
25,Norrbottens län,2581,Piteå,1,286.1,820211.564676953,7272977.25445363
25,Norrbottens län,2581,Piteå,1,286.1,815194.221007511,7270607.02599613
25,Norrbottens län,2581,Piteå,1,286.1,807583.781372308,7270986.40764796
25,Norrbottens län,2581,Piteå,1,286.1,800829.792062625,7268054.98414519
25,Norrbottens län,2581,Piteå,1,286.1,798876.245835754,7264831.16070373
25,Norrbottens län,2581,Piteå,1,286.1,809837.319693123,7258062.04541391
25,Norrbottens län,2581,Piteå,1,286.1,809277.467252081,7254696.06646312
25,Norrbottens län,2581,Piteå,1,286.1,805311.924484753,7251477.46423538
25,Norrbottens län,2581,Piteå,1,286.1,808017.858817733,7240924.71584325
25,Norrbottens län,2581,Piteå,1,286.1,805246.452689884,7233151.71007853
25,Norrbottens län,2581,Piteå,1,286.1,795822.682238068,7237949.86663198
25,Norrbottens län,2581,Piteå,1,286.1,794453.419986891,7242120.06869728
25,Norrbottens län,2581,Piteå,1,286.1,768936.473931055,7244544.32697143
25,Norrbottens län,2581,Piteå,1,286.1,726607.156857264,7261188.46783071
25,Norrbottens län,2581,Piteå,1,286.1,715029.79736394,7267819.20729693
25,Norrbottens län,2581,Piteå,1,286.1,716934.002771632,7276284.40866726
25,Norrbottens län,2581,Piteå,1,286.1,719734.477370794,7278010.07432563
25,Norrbottens län,2581,Piteå,1,286.1,733193.763139097,7275819.97719971
25,Norrbottens län,2581,Piteå,1,286.1,740390.59310681,7282935.40874928
25,Norrbottens län,2581,Piteå,1,286.1,739831.874821821,7285879.88300375
25,Norrbottens län,2582,Boden,1,287.1,813670.034584512,7315083.00611814
25,Norrbottens län,2582,Boden,1,287.1,815501.418756598,7311468.76518646
25,Norrbottens län,2582,Boden,1,287.1,811135.720635767,7304465.03515597
25,Norrbottens län,2582,Boden,1,287.1,804537.193434452,7301114.43082562
25,Norrbottens län,2582,Boden,1,287.1,797347.573264565,7305479.72792046
25,Norrbottens län,2582,Boden,1,287.1,792109.883599089,7297859.97032219
25,Norrbottens län,2582,Boden,1,287.1,778031.369013783,7311293.91792568
25,Norrbottens län,2582,Boden,1,287.1,768401.748839286,7317321.50268368
25,Norrbottens län,2582,Boden,1,287.1,743880.902016995,7331660.37135662
25,Norrbottens län,2582,Boden,1,287.1,758316.68365984,7370330.0141738
25,Norrbottens län,2582,Boden,1,287.1,770303.312807356,7375140.29636772
25,Norrbottens län,2582,Boden,1,287.1,782276.437530848,7366523.70175503
25,Norrbottens län,2582,Boden,1,287.1,785782.049719946,7367304.87953954
25,Norrbottens län,2582,Boden,1,287.1,797470.726142526,7378793.90474187
25,Norrbottens län,2582,Boden,1,287.1,810501.780964705,7384908.87495938
25,Norrbottens län,2582,Boden,1,287.1,818918.831879714,7371553.45269089
25,Norrbottens län,2582,Boden,1,287.1,816513.985332005,7370390.45520948
25,Norrbottens län,2582,Boden,1,287.1,819368.573347681,7347936.56985488
25,Norrbottens län,2582,Boden,1,287.1,813466.659995682,7347335.50060826
25,Norrbottens län,2582,Boden,1,287.1,811987.515710285,7333386.27245485
25,Norrbottens län,2582,Boden,1,287.1,816546.88808134,7332716.04698
25,Norrbottens län,2582,Boden,1,287.1,823143.593124147,7322771.51362903
25,Norrbottens län,2582,Boden,1,287.1,813670.034584512,7315083.00611814
25,Norrbottens län,2583,Haparanda,1,288.1,889385.411267082,7360684.68393999
25,Norrbottens län,2583,Haparanda,1,288.1,891983.301083084,7358603.21827379
25,Norrbottens län,2583,Haparanda,1,288.1,894848.310366142,7360928.22903985
25,Norrbottens län,2583,Haparanda,1,288.1,894212.239534304,7364418.05199539
25,Norrbottens län,2583,Haparanda,1,288.1,898535.220441426,7366590.91877573
25,Norrbottens län,2583,Haparanda,1,288.1,902076.364889989,7366429.66337699
25,Norrbottens län,2583,Haparanda,1,288.1,902094.223976731,7362801.83062606
25,Norrbottens län,2583,Haparanda,1,288.1,903518.956187874,7361043.19582379
25,Norrbottens län,2583,Haparanda,1,288.1,903621.51114385,7358212.46339154
25,Norrbottens län,2583,Haparanda,1,288.1,907968.397575416,7351721.43408635
25,Norrbottens län,2583,Haparanda,1,288.1,909881.162629876,7345077.94687278
25,Norrbottens län,2583,Haparanda,1,288.1,917286.107259206,7328501.91694451
25,Norrbottens län,2583,Haparanda,1,288.1,903364.662239272,7325400.46600067
25,Norrbottens län,2583,Haparanda,1,288.1,899058.136671725,7328462.04469463
25,Norrbottens län,2583,Haparanda,1,288.1,895850.420723882,7328590.72332147
25,Norrbottens län,2583,Haparanda,1,288.1,895332.658196889,7325622.00414034
25,Norrbottens län,2583,Haparanda,1,288.1,892235.142012959,7324261.08490932
25,Norrbottens län,2583,Haparanda,1,288.1,891072.715917125,7332909.21131191
25,Norrbottens län,2583,Haparanda,1,288.1,876825.959963722,7350490.56989179
25,Norrbottens län,2583,Haparanda,1,288.1,889385.411267082,7360684.68393999
25,Norrbottens län,2584,Kiruna,1,289.1,638636.312417066,7609024.19868442
25,Norrbottens län,2584,Kiruna,1,289.1,647322.567589068,7601687.61681698
25,Norrbottens län,2584,Kiruna,1,289.1,662702.63391607,7604339.58332874
25,Norrbottens län,2584,Kiruna,1,289.1,702005.287901696,7591443.79939227
25,Norrbottens län,2584,Kiruna,1,289.1,714353.556524872,7607297.98024451
25,Norrbottens län,2584,Kiruna,1,289.1,701871.718738667,7613010.39631493
25,Norrbottens län,2584,Kiruna,1,289.1,706822.248400565,7617939.49735957
25,Norrbottens län,2584,Kiruna,1,289.1,712215.758338939,7627055.7596219
25,Norrbottens län,2584,Kiruna,1,289.1,715368.80819499,7641636.81396502
25,Norrbottens län,2584,Kiruna,1,289.1,713426.341428866,7653720.33818026
25,Norrbottens län,2584,Kiruna,1,289.1,704071.300434748,7666161.25979427
25,Norrbottens län,2584,Kiruna,1,289.1,722984.5376594,7669861.48083351
25,Norrbottens län,2584,Kiruna,1,289.1,731507.056234036,7668583.81452313
25,Norrbottens län,2584,Kiruna,1,289.1,735089.716789601,7664388.56244024
25,Norrbottens län,2584,Kiruna,1,289.1,737595.325849549,7663326.68142159
25,Norrbottens län,2584,Kiruna,1,289.1,736766.470071395,7661196.08468654
25,Norrbottens län,2584,Kiruna,1,289.1,734877.267948321,7658570.61751242
25,Norrbottens län,2584,Kiruna,1,289.1,738303.41959123,7654795.21308152
25,Norrbottens län,2584,Kiruna,1,289.1,741595.154178814,7655464.38994179
25,Norrbottens län,2584,Kiruna,1,289.1,751393.346150514,7647208.30967209
25,Norrbottens län,2584,Kiruna,1,289.1,754429.870368701,7641658.9341325
25,Norrbottens län,2584,Kiruna,1,289.1,756789.581575735,7643027.75546821
25,Norrbottens län,2584,Kiruna,1,289.1,759273.83914124,7641766.56303019
25,Norrbottens län,2584,Kiruna,1,289.1,760349.108433843,7634807.54714616
25,Norrbottens län,2584,Kiruna,1,289.1,763808.22046213,7633244.16583994
25,Norrbottens län,2584,Kiruna,1,289.1,768503.561489417,7631956.97854828
25,Norrbottens län,2584,Kiruna,1,289.1,773166.97696164,7628456.60528634
25,Norrbottens län,2584,Kiruna,1,289.1,772986.349830034,7624849.64434359
25,Norrbottens län,2584,Kiruna,1,289.1,778449.519906027,7625095.31906916
25,Norrbottens län,2584,Kiruna,1,289.1,785680.789320934,7621130.64793958
25,Norrbottens län,2584,Kiruna,1,289.1,785920.024642711,7617681.14556165
25,Norrbottens län,2584,Kiruna,1,289.1,787040.767936731,7614948.12213514
25,Norrbottens län,2584,Kiruna,1,289.1,791139.452747843,7613721.010919
25,Norrbottens län,2584,Kiruna,1,289.1,795584.083277796,7613869.29802068
25,Norrbottens län,2584,Kiruna,1,289.1,798897.369801267,7614738.68302188
25,Norrbottens län,2584,Kiruna,1,289.1,800772.36254098,7611524.57353065
25,Norrbottens län,2584,Kiruna,1,289.1,802597.597453487,7613552.33611602
25,Norrbottens län,2584,Kiruna,1,289.1,810689.146885143,7610103.76416337
25,Norrbottens län,2584,Kiruna,1,289.1,812031.330559678,7611377.27289455
25,Norrbottens län,2584,Kiruna,1,289.1,813812.020215016,7609178.8050986
25,Norrbottens län,2584,Kiruna,1,289.1,818360.846257234,7606496.66429924
25,Norrbottens län,2584,Kiruna,1,289.1,819368.705100919,7608407.74081005
25,Norrbottens län,2584,Kiruna,1,289.1,821632.443744186,7606966.52996996
25,Norrbottens län,2584,Kiruna,1,289.1,821714.166423611,7603936.82244697
25,Norrbottens län,2584,Kiruna,1,289.1,826327.183362028,7601851.45860932
25,Norrbottens län,2584,Kiruna,1,289.1,827719.959790458,7601708.72472882
25,Norrbottens län,2584,Kiruna,1,289.1,832332.98447045,7599624.33444403
25,Norrbottens län,2584,Kiruna,1,289.1,833127.191190096,7595713.99595492
25,Norrbottens län,2584,Kiruna,1,289.1,836836.251899596,7592715.78591629
25,Norrbottens län,2584,Kiruna,1,289.1,837232.918040035,7588847.21012477
25,Norrbottens län,2584,Kiruna,1,289.1,837166.878044167,7584422.6055444
25,Norrbottens län,2584,Kiruna,1,289.1,839063.244459986,7581408.61402822
25,Norrbottens län,2584,Kiruna,1,289.1,842930.060826609,7583697.12996275
25,Norrbottens län,2584,Kiruna,1,289.1,827791.244947327,7545297.33638723
25,Norrbottens län,2584,Kiruna,1,289.1,814406.105628259,7532972.37892204
25,Norrbottens län,2584,Kiruna,1,289.1,806465.356852791,7511226.43980239
25,Norrbottens län,2584,Kiruna,1,289.1,799346.519961895,7488992.49498847
25,Norrbottens län,2584,Kiruna,1,289.1,794930.135743015,7491662.78861884
25,Norrbottens län,2584,Kiruna,1,289.1,796263.845199379,7494748.88939119
25,Norrbottens län,2584,Kiruna,1,289.1,790448.982942363,7498770.81874789
25,Norrbottens län,2584,Kiruna,1,289.1,774452.013469123,7499809.3892628
25,Norrbottens län,2584,Kiruna,1,289.1,771546.955332758,7500912.43793784
25,Norrbottens län,2584,Kiruna,1,289.1,766933.127610425,7499171.54899356
25,Norrbottens län,2584,Kiruna,1,289.1,760140.443233858,7499667.0405483805
25,Norrbottens län,2584,Kiruna,1,289.1,745587.81780886,7512441.90230552
25,Norrbottens län,2584,Kiruna,1,289.1,728001.790372743,7521297.45903059
25,Norrbottens län,2584,Kiruna,1,289.1,727195.189078635,7523192.67101744
25,Norrbottens län,2584,Kiruna,1,289.1,724607.094569606,7523458.87988504
25,Norrbottens län,2584,Kiruna,1,289.1,722268.705338577,7522288.56489288
25,Norrbottens län,2584,Kiruna,1,289.1,717876.837572951,7524552.95424603
25,Norrbottens län,2584,Kiruna,1,289.1,712195.254202357,7524128.93207262
25,Norrbottens län,2584,Kiruna,1,289.1,703191.997635419,7528476.81835718
25,Norrbottens län,2584,Kiruna,1,289.1,694158.654510817,7530613.63239974
25,Norrbottens län,2584,Kiruna,1,289.1,689199.259901608,7531323.81134416
25,Norrbottens län,2584,Kiruna,1,289.1,682859.000582132,7534190.58487465
25,Norrbottens län,2584,Kiruna,1,289.1,669398.894585925,7532552.28628521
25,Norrbottens län,2584,Kiruna,1,289.1,663611.568173607,7531131.07666751
25,Norrbottens län,2584,Kiruna,1,289.1,640988.369295728,7530433.13769457
25,Norrbottens län,2584,Kiruna,1,289.1,626171.507464062,7538800.97289578
25,Norrbottens län,2584,Kiruna,1,289.1,623229.026194763,7543333.5262175
25,Norrbottens län,2584,Kiruna,1,289.1,631366.41874367,7565056.85039959
25,Norrbottens län,2584,Kiruna,1,289.1,627020.58729598,7588665.62936325
25,Norrbottens län,2584,Kiruna,1,289.1,627165.206777407,7603353.14932193
25,Norrbottens län,2584,Kiruna,1,289.1,638636.312417066,7609024.19868442
03,Uppsala län,0360,Tierp,1,29.1,625808.673128184,6682793.51342475
03,Uppsala län,0360,Tierp,1,29.1,625729.649639145,6685822.88595426
03,Uppsala län,0360,Tierp,1,29.1,621518.55777186,6687868.93241415
03,Uppsala län,0360,Tierp,1,29.1,621326.648942397,6701183.61549374
03,Uppsala län,0360,Tierp,1,29.1,626482.433953105,6706088.68943383
03,Uppsala län,0360,Tierp,1,29.1,634083.303819402,6707517.51411555
03,Uppsala län,0360,Tierp,1,29.1,635446.868929492,6714627.740776
03,Uppsala län,0360,Tierp,1,29.1,642528.04854165,6720611.35620393
03,Uppsala län,0360,Tierp,1,29.1,645717.676742667,6712761.03344025
03,Uppsala län,0360,Tierp,1,29.1,649848.840618451,6713742.48695816
03,Uppsala län,0360,Tierp,1,29.1,652833.896492437,6719074.07820256
03,Uppsala län,0360,Tierp,1,29.1,659190.303538764,6722042.50007661
03,Uppsala län,0360,Tierp,1,29.1,663714.894011091,6719156.52243267
03,Uppsala län,0360,Tierp,1,29.1,664565.244093919,6712020.20955483
03,Uppsala län,0360,Tierp,1,29.1,670672.783508196,6704219.40591846
03,Uppsala län,0360,Tierp,1,29.1,667848.397539778,6700452.45788126
03,Uppsala län,0360,Tierp,1,29.1,663004.00320426,6700146.18843103
03,Uppsala län,0360,Tierp,1,29.1,663022.692096977,6692900.70385294
03,Uppsala län,0360,Tierp,1,29.1,660894.788049084,6689900.1988832
03,Uppsala län,0360,Tierp,1,29.1,654109.423735964,6690195.13413075
03,Uppsala län,0360,Tierp,1,29.1,652016.523678803,6681960.08616401
03,Uppsala län,0360,Tierp,1,29.1,651125.141187567,6677424.05451112
03,Uppsala län,0360,Tierp,1,29.1,650825.291853428,6670949.61964137
03,Uppsala län,0360,Tierp,1,29.1,642188.274110308,6667075.90739812
03,Uppsala län,0360,Tierp,1,29.1,638614.406600194,6669253.83166018
03,Uppsala län,0360,Tierp,1,29.1,637277.276829801,6675427.23634075
03,Uppsala län,0360,Tierp,1,29.1,631760.387947471,6670763.8248023
03,Uppsala län,0360,Tierp,1,29.1,628787.975573889,6669211.85735981
03,Uppsala län,0360,Tierp,1,29.1,631265.33958581,6679206.9927852
03,Uppsala län,0360,Tierp,1,29.1,625808.673128184,6682793.51342475
01,Stockholms län,0120,Värmdö,1,3.1,697984.204966836,6577575.40225028
01,Stockholms län,0120,Värmdö,1,3.1,699309.554485759,6576788.55963498
01,Stockholms län,0120,Värmdö,1,3.1,699858.551527373,6576039.31305991
01,Stockholms län,0120,Värmdö,1,3.1,701667.96422382,6575325.31370289
01,Stockholms län,0120,Värmdö,1,3.1,702148.253847802,6575213.14364396
01,Stockholms län,0120,Värmdö,1,3.1,702376.531207554,6575848.81877426
01,Stockholms län,0120,Värmdö,1,3.1,701639.820384722,6576410.83321706
01,Stockholms län,0120,Värmdö,1,3.1,701683.11809432,6577046.26836631
01,Stockholms län,0120,Värmdö,1,3.1,705615.094161735,6577749.80152954
01,Stockholms län,0120,Värmdö,1,3.1,709553.180197962,6578940.34740937
01,Stockholms län,0120,Värmdö,1,3.1,709844.942236952,6578378.95163376
01,Stockholms län,0120,Värmdö,1,3.1,707220.434566748,6574979.581606
01,Stockholms län,0120,Värmdö,1,3.1,707437.648908741,6574381.29486195
01,Stockholms län,0120,Värmdö,1,3.1,706360.500838428,6574157.27385461
01,Stockholms län,0120,Värmdö,1,3.1,705431.659199501,6573823.07333174
01,Stockholms län,0120,Värmdö,1,3.1,704832.325347625,6573113.90803709
01,Stockholms län,0120,Värmdö,1,3.1,703383.280572928,6572554.44243867
01,Stockholms län,0120,Värmdö,1,3.1,703372.220276086,6571320.46254564
01,Stockholms län,0120,Värmdö,1,3.1,702442.304445345,6570910.2665841
01,Stockholms län,0120,Värmdö,1,3.1,701730.975436791,6570201.75033242
01,Stockholms län,0120,Värmdö,1,3.1,701134.379787729,6569678.59497542
01,Stockholms län,0120,Värmdö,1,3.1,698693.868327239,6570243.98572173
01,Stockholms län,0120,Värmdö,1,3.1,697969.030443232,6571890.99230886
01,Stockholms län,0120,Värmdö,1,3.1,696711.452540664,6572117.74024572
01,Stockholms län,0120,Värmdö,1,3.1,695238.222655599,6572979.78382676
01,Stockholms län,0120,Värmdö,1,3.1,694584.732348474,6574514.661454
01,Stockholms län,0120,Värmdö,1,3.1,693626.493284516,6575040.99231376
01,Stockholms län,0120,Värmdö,1,3.1,692419.720760414,6576688.14005115
01,Stockholms län,0120,Värmdö,1,3.1,690604.499753731,6576728.15865006
01,Stockholms län,0120,Värmdö,1,3.1,689831.154055812,6577178.72815891
01,Stockholms län,0120,Värmdö,1,3.1,690170.324463502,6577738.75214738
01,Stockholms län,0120,Värmdö,1,3.1,690728.821893891,6578186.44914278
01,Stockholms län,0120,Värmdö,1,3.1,690262.289813893,6579721.57933114
01,Stockholms län,0120,Värmdö,1,3.1,690452.475120512,6580281.79997209
01,Stockholms län,0120,Värmdö,1,3.1,691347.118254764,6580878.55174414
01,Stockholms län,0120,Värmdö,1,3.1,691760.556562515,6581663.45485453
01,Stockholms län,0120,Värmdö,1,3.1,691170.901193955,6581889.27883199
01,Stockholms län,0120,Värmdö,1,3.1,690169.00034367,6581728.16126577
01,Stockholms län,0120,Värmdö,1,3.1,690889.004327492,6583534.62824839
01,Stockholms län,0120,Värmdö,1,3.1,690938.582128036,6584807.04495522
01,Stockholms län,0120,Värmdö,1,3.1,692940.167369436,6585065.26443307
01,Stockholms län,0120,Värmdö,1,3.1,694159.567464998,6584688.09131821
01,Stockholms län,0120,Värmdö,1,3.1,696032.740903863,6583002.02750188
01,Stockholms län,0120,Värmdö,1,3.1,696063.241864817,6582217.49808554
01,Stockholms län,0120,Värmdö,1,3.1,695318.230755612,6581731.53843084
01,Stockholms län,0120,Värmdö,1,3.1,695684.161874702,6581320.03301582
01,Stockholms län,0120,Värmdö,1,3.1,695568.071326433,6580833.69244284
01,Stockholms län,0120,Värmdö,1,3.1,694591.65949711,6579228.09172538
01,Stockholms län,0120,Värmdö,1,3.1,694285.934627359,6578217.52381992
01,Stockholms län,0120,Värmdö,1,3.1,694835.105373766,6577619.26633174
01,Stockholms län,0120,Värmdö,1,3.1,696543.379852207,6577989.90334476
01,Stockholms län,0120,Värmdö,1,3.1,697984.204966836,6577575.40225028
01,Stockholms län,0120,Värmdö,2,3.2,696573.700129915,6589434.69783334
01,Stockholms län,0120,Värmdö,2,3.2,696171.590087002,6590107.72789098
01,Stockholms län,0120,Värmdö,2,3.2,695506.947014296,6590333.63812266
01,Stockholms län,0120,Värmdö,2,3.2,695105.741922616,6590932.69190522
01,Stockholms län,0120,Värmdö,2,3.2,694961.40641781,6591456.86371612
01,Stockholms län,0120,Värmdö,2,3.2,695446.169097648,6591717.70752178
01,Stockholms län,0120,Värmdö,2,3.2,696000.931395373,6591566.45211069
01,Stockholms län,0120,Värmdö,2,3.2,696596.318790766,6591939.62181846
01,Stockholms län,0120,Värmdö,2,3.2,697373.679640086,6591901.05969487
01,Stockholms län,0120,Värmdö,2,3.2,698557.256693347,6591675.44240726
01,Stockholms län,0120,Värmdö,2,3.2,698887.85908184,6591374.48593243
01,Stockholms län,0120,Värmdö,2,3.2,699826.497299031,6588755.22349495
01,Stockholms län,0120,Värmdö,2,3.2,703657.163394266,6586430.96137899
01,Stockholms län,0120,Värmdö,2,3.2,704662.812259415,6587027.07390233
01,Stockholms län,0120,Värmdö,2,3.2,705403.177108916,6586989.04892167
01,Stockholms län,0120,Värmdö,2,3.2,705842.397449148,6586388.4572876
01,Stockholms län,0120,Värmdö,2,3.2,705836.008346643,6585678.46928567
01,Stockholms län,0120,Värmdö,2,3.2,705313.401629968,6585156.19787768
01,Stockholms län,0120,Värmdö,2,3.2,704719.820379869,6585045.01950421
01,Stockholms län,0120,Värmdö,2,3.2,704054.537136724,6585157.94268327
01,Stockholms län,0120,Värmdö,2,3.2,702867.034154395,6585047.56732205
01,Stockholms län,0120,Värmdö,2,3.2,701754.325581342,6584788.11550473
01,Stockholms län,0120,Värmdö,2,3.2,702080.359678019,6584039.16043844
01,Stockholms län,0120,Värmdö,2,3.2,703304.603352441,6584335.96126752
01,Stockholms län,0120,Värmdö,2,3.2,705004.208185753,6583772.6295896
01,Stockholms län,0120,Värmdö,2,3.2,706257.773811539,6583134.90466339
01,Stockholms län,0120,Värmdö,2,3.2,706766.31680516,6582012.20137481
01,Stockholms län,0120,Värmdö,2,3.2,706757.655823755,6581076.21413352
01,Stockholms län,0120,Värmdö,2,3.2,706338.093633353,6579806.29338969
01,Stockholms län,0120,Värmdö,2,3.2,705626.605657654,6578945.78139088
01,Stockholms län,0120,Värmdö,2,3.2,704252.731113799,6578537.19970969
01,Stockholms län,0120,Värmdö,2,3.2,701469.272461449,6577944.55753567
01,Stockholms län,0120,Värmdö,2,3.2,700354.481675634,6577609.10339104
01,Stockholms län,0120,Värmdö,2,3.2,698328.21362201,6578809.40674273
01,Stockholms län,0120,Värmdö,2,3.2,697513.861329391,6578847.53236167
01,Stockholms län,0120,Värmdö,2,3.2,696739.958620516,6579261.10849292
01,Stockholms län,0120,Värmdö,2,3.2,696748.633965532,6580196.08544587
01,Stockholms län,0120,Värmdö,2,3.2,697256.13881451206,6583037.83771673
01,Stockholms län,0120,Värmdö,2,3.2,697227.350922248,6584010.35929334
01,Stockholms län,0120,Värmdö,2,3.2,696935.040244178,6584534.75052387
01,Stockholms län,0120,Värmdö,2,3.2,696569.745914364,6585058.24705017
01,Stockholms län,0120,Värmdö,2,3.2,696389.420527013,6585581.99464916
01,Stockholms län,0120,Värmdö,2,3.2,696582.969459067,6586442.21554407
01,Stockholms län,0120,Värmdö,2,3.2,696925.231869741,6587489.21962313
01,Stockholms län,0120,Värmdö,2,3.2,696897.445134711,6588461.75269096
01,Stockholms län,0120,Värmdö,2,3.2,696573.700129915,6589434.69783334
01,Stockholms län,0120,Värmdö,3,3.3,711436.909126698,6586454.25866932
01,Stockholms län,0120,Värmdö,3,3.3,712018.997638536,6585368.4409659
01,Stockholms län,0120,Värmdö,3,3.3,712193.92569331,6584134.71312984
01,Stockholms län,0120,Värmdö,3,3.3,712253.509405795,6582600.61750368
01,Stockholms län,0120,Värmdö,3,3.3,711910.68641297,6581516.59139597
01,Stockholms län,0120,Värmdö,3,3.3,711051.841991122,6580769.27355933
01,Stockholms län,0120,Värmdö,3,3.3,709635.304132233,6579837.22890319
01,Stockholms län,0120,Värmdö,3,3.3,709040.542228814,6579576.05477313
01,Stockholms län,0120,Värmdö,3,3.3,708597.86681695,6579801.66447564
01,Stockholms län,0120,Värmdö,3,3.3,708838.366294989,6581821.33093787
01,Stockholms län,0120,Värmdö,3,3.3,708812.416826335,6583055.85968272
01,Stockholms län,0120,Värmdö,3,3.3,708345.340280293,6584552.02293051
01,Stockholms län,0120,Värmdö,3,3.3,706627.787339219,6587172.87405662
01,Stockholms län,0120,Värmdö,3,3.3,708374.990119139,6587880.96369564
01,Stockholms län,0120,Värmdö,3,3.3,709329.224006499,6586944.64549688
01,Stockholms län,0120,Värmdö,3,3.3,709927.365299782,6587503.83453968
01,Stockholms län,0120,Värmdö,3,3.3,711436.909126698,6586454.25866932
01,Stockholms län,0120,Värmdö,4,3.4,718559.278778164,6591715.98818683
01,Stockholms län,0120,Värmdö,4,3.4,718677.194778407,6592464.33764206
01,Stockholms län,0120,Värmdö,4,3.4,718464.427161038,6593436.65067034
01,Stockholms län,0120,Värmdö,4,3.4,718397.359844439,6594184.74660573
01,Stockholms län,0120,Värmdö,4,3.4,718774.791781817,6594970.24300215
01,Stockholms län,0120,Värmdö,4,3.4,719597.288777977,6595828.11703853
01,Stockholms län,0120,Värmdö,4,3.4,720565.848168047,6596349.8131451
01,Stockholms län,0120,Värmdö,4,3.4,721343.863416643,6596424.23967695
01,Stockholms län,0120,Värmdö,4,3.4,722158.698485799,6596348.13658385
01,Stockholms län,0120,Värmdö,4,3.4,722374.396388076,6595711.82809835
01,Stockholms län,0120,Värmdö,4,3.4,722441.918153384,6594925.72538921
01,Stockholms län,0120,Värmdö,4,3.4,721917.772961172,6594365.43092005
01,Stockholms län,0120,Värmdö,4,3.4,721362.280366614,6594328.69417732
01,Stockholms län,0120,Värmdö,4,3.4,721313.249491885,6593095.23952974
01,Stockholms län,0120,Värmdö,4,3.4,720452.57369537,6592086.90703635
01,Stockholms län,0120,Värmdö,4,3.4,719631.271502641,6591377.02609291
01,Stockholms län,0120,Värmdö,4,3.4,719365.993942487,6590742.88619033
01,Stockholms län,0120,Värmdö,4,3.4,719138.382064019,6590218.18040243
01,Stockholms län,0120,Värmdö,4,3.4,718354.608177828,6589546.75613659
01,Stockholms län,0120,Värmdö,4,3.4,717802.033808353,6589847.01850771
01,Stockholms län,0120,Värmdö,4,3.4,717995.594338903,6590706.27119924
01,Stockholms län,0120,Värmdö,4,3.4,718559.278778164,6591715.98818683
01,Stockholms län,0120,Värmdö,5,3.5,712805.83116646,6578110.83921118
01,Stockholms län,0120,Värmdö,5,3.5,714409.271353173,6579380.1177087
01,Stockholms län,0120,Värmdö,5,3.5,715188.920478662,6579566.53511402
01,Stockholms län,0120,Värmdö,5,3.5,716402.044528878,6578554.34847473
01,Stockholms län,0120,Värmdö,5,3.5,715166.920652632,6577172.54209924
01,Stockholms län,0120,Värmdö,5,3.5,714931.058807314,6575676.86209853
01,Stockholms län,0120,Värmdö,5,3.5,714110.29375802,6575005.00574302
01,Stockholms län,0120,Värmdö,5,3.5,713261.845280079,6575380.69124286
01,Stockholms län,0120,Värmdö,5,3.5,712295.008077774,6575046.01662792
01,Stockholms län,0120,Värmdö,5,3.5,711703.074849069,6575046.85004098
01,Stockholms län,0120,Värmdö,5,3.5,711638.399213782,6576093.94083073
01,Stockholms län,0120,Värmdö,5,3.5,712133.137170365,6577514.76285813
01,Stockholms län,0120,Värmdö,5,3.5,712805.83116646,6578110.83921118
01,Stockholms län,0120,Värmdö,6,3.6,723401.360573996,6590510.84028176
01,Stockholms län,0120,Värmdö,6,3.6,723754.463026303,6588602.33255978
01,Stockholms län,0120,Värmdö,6,3.6,723341.748778016,6588005.39239338
01,Stockholms län,0120,Värmdö,6,3.6,722378.384618385,6588043.70358356
01,Stockholms län,0120,Värmdö,6,3.6,722124.613754782,6588604.56432561
01,Stockholms län,0120,Värmdö,6,3.6,722107.745024291,6590738.13009221
01,Stockholms län,0120,Värmdö,6,3.6,721705.092705288,6591373.18278135
01,Stockholms län,0120,Värmdö,6,3.6,722487.672784389,6591895.61017992
01,Stockholms län,0120,Värmdö,6,3.6,722643.670887885,6592718.41310049
01,Stockholms län,0120,Värmdö,6,3.6,723203.723063033,6593204.15424486
01,Stockholms län,0120,Värmdö,6,3.6,724201.903103269,6593015.28405793
01,Stockholms län,0120,Värmdö,6,3.6,724453.319602092,6592154.42106827
01,Stockholms län,0120,Värmdö,6,3.6,723401.360573996,6590510.84028176
01,Stockholms län,0120,Värmdö,7,3.7,709867.22591767,6568691.40487223
01,Stockholms län,0120,Värmdö,7,3.7,710244.772072299,6569550.86225734
01,Stockholms län,0120,Värmdö,7,3.7,710807.117210262,6570260.58203324
01,Stockholms län,0120,Värmdö,7,3.7,711434.22202838,6569998.21008573
01,Stockholms län,0120,Värmdö,7,3.7,711164.092536478,6568689.09680177
01,Stockholms län,0120,Värmdö,7,3.7,712614.889718091,6569435.55645696
01,Stockholms län,0120,Värmdö,7,3.7,713391.730283506,6569357.96931847
01,Stockholms län,0120,Värmdö,7,3.7,713085.9723918,6568349.39239969
01,Stockholms län,0120,Värmdö,7,3.7,712451.925469346,6567863.77694305
01,Stockholms län,0120,Värmdö,7,3.7,711450.176850026,6567604.6857858
01,Stockholms län,0120,Värmdö,7,3.7,710333.081321299,6567045.24047764
01,Stockholms län,0120,Värmdö,7,3.7,709439.506484627,6566523.48922423
01,Stockholms län,0120,Värmdö,7,3.7,708544.095156165,6565739.75670321
01,Stockholms län,0120,Värmdö,7,3.7,708662.0565422,6566486.08557162
01,Stockholms län,0120,Värmdö,7,3.7,709867.22591767,6568691.40487223
01,Stockholms län,0120,Värmdö,8,3.8,721917.09450914,6586174.31559514
01,Stockholms län,0120,Värmdö,8,3.8,722060.882561535,6585613.1213265
01,Stockholms län,0120,Värmdö,8,3.8,721388.748721977,6585053.03894923
01,Stockholms län,0120,Värmdö,8,3.8,721381.813373063,6584305.03280311
01,Stockholms län,0120,Värmdö,8,3.8,720776.729884476,6582996.84266479
01,Stockholms län,0120,Värmdö,8,3.8,720919.966162495,6582398.64274194
01,Stockholms län,0120,Värmdö,8,3.8,721577.774447522,6581500.71372222
01,Stockholms län,0120,Värmdö,8,3.8,721091.712000107,6581014.87696145
01,Stockholms län,0120,Värmdö,8,3.8,719205.059801511,6581168.00791325
01,Stockholms län,0120,Värmdö,8,3.8,719580.870959107,6581840.4831961105
01,Stockholms län,0120,Värmdö,8,3.8,719742.101116887,6583223.28096933
01,Stockholms län,0120,Värmdö,8,3.8,719940.499048347,6584756.5157296
01,Stockholms län,0120,Värmdö,8,3.8,720243.40734223,6585504.10759386
01,Stockholms län,0120,Värmdö,8,3.8,720955.360267244,6586326.6457268
01,Stockholms län,0120,Värmdö,8,3.8,721400.973184688,6586437.03394394
01,Stockholms län,0120,Värmdö,8,3.8,721917.09450914,6586174.31559514
03,Uppsala län,0380,Uppsala,1,30.1,673626.287350391,6626068.49689119
03,Uppsala län,0380,Uppsala,1,30.1,676059.840254652,6634898.51458611
03,Uppsala län,0380,Uppsala,1,30.1,674782.69688137,6634946.79442077
03,Uppsala län,0380,Uppsala,1,30.1,673683.650163887,6634470.88341479
03,Uppsala län,0380,Uppsala,1,30.1,673029.658775309,6634502.4503384
03,Uppsala län,0380,Uppsala,1,30.1,671921.28180052,6634160.43646585
03,Uppsala län,0380,Uppsala,1,30.1,671156.512889232,6635293.01535952
03,Uppsala län,0380,Uppsala,1,30.1,669661.89077567,6636138.21075544
03,Uppsala län,0380,Uppsala,1,30.1,668738.483947985,6634446.63177474
03,Uppsala län,0380,Uppsala,1,30.1,667718.04714597,6633941.31404415
03,Uppsala län,0380,Uppsala,1,30.1,666674.109696412,6633637.11404403
03,Uppsala län,0380,Uppsala,1,30.1,665620.785583783,6634010.10112655
03,Uppsala län,0380,Uppsala,1,30.1,664765.033943777,6634645.56892862
03,Uppsala län,0380,Uppsala,1,30.1,663732.163812339,6634799.68272381
03,Uppsala län,0380,Uppsala,1,30.1,662551.804340735,6634679.26588882
03,Uppsala län,0380,Uppsala,1,30.1,661476.939199266,6634186.74784232
03,Uppsala län,0380,Uppsala,1,30.1,660393.095001749,6634385.33706967
03,Uppsala län,0380,Uppsala,1,30.1,659373.880392017,6634890.24352188
03,Uppsala län,0380,Uppsala,1,30.1,658146.14154718,6635052.35341493
03,Uppsala län,0380,Uppsala,1,30.1,657504.525189644,6635106.78802918
03,Uppsala län,0380,Uppsala,1,30.1,656984.269497428,6634816.80337775
03,Uppsala län,0380,Uppsala,1,30.1,656318.249251529,6633569.81865146
03,Uppsala län,0380,Uppsala,1,30.1,655456.245296362,6632442.90883883
03,Uppsala län,0380,Uppsala,1,30.1,655239.635895218,6630386.17678381
03,Uppsala län,0380,Uppsala,1,30.1,653571.018084876,6629465.49716748
03,Uppsala län,0380,Uppsala,1,30.1,653181.467592127,6628895.16563372
03,Uppsala län,0380,Uppsala,1,30.1,651302.808980528,6628395.71226853
03,Uppsala län,0380,Uppsala,1,30.1,650026.80577346,6629553.76812324
03,Uppsala län,0380,Uppsala,1,30.1,650157.074532763,6630988.96259785
03,Uppsala län,0380,Uppsala,1,30.1,649687.680009786,6631838.19158405
03,Uppsala län,0380,Uppsala,1,30.1,648706.603735191,6630218.16544401
03,Uppsala län,0380,Uppsala,1,30.1,647227.68850902,6629053.80726012
03,Uppsala län,0380,Uppsala,1,30.1,646793.679647919,6627725.79133335
03,Uppsala län,0380,Uppsala,1,30.1,646669.543573469,6625868.64303206
03,Uppsala län,0380,Uppsala,1,30.1,646495.173885315,6624634.78654398
03,Uppsala län,0380,Uppsala,1,30.1,639384.960064986,6624062.39792117
03,Uppsala län,0380,Uppsala,1,30.1,634189.994087368,6624640.10638189
03,Uppsala län,0380,Uppsala,1,30.1,633758.914833965,6629915.76546317
03,Uppsala län,0380,Uppsala,1,30.1,630340.213558436,6631675.78885081
03,Uppsala län,0380,Uppsala,1,30.1,628120.838489173,6629691.20924383
03,Uppsala län,0380,Uppsala,1,30.1,624076.889344308,6634935.85846949
03,Uppsala län,0380,Uppsala,1,30.1,620840.893073126,6634665.52738531
03,Uppsala län,0380,Uppsala,1,30.1,620655.162843407,6638507.40807257
03,Uppsala län,0380,Uppsala,1,30.1,619067.667076873,6640383.65745123
03,Uppsala län,0380,Uppsala,1,30.1,619164.691319254,6648833.93159698
03,Uppsala län,0380,Uppsala,1,30.1,616809.239840728,6651293.66591633
03,Uppsala län,0380,Uppsala,1,30.1,617661.664998268,6653621.52855751
03,Uppsala län,0380,Uppsala,1,30.1,621352.207925354,6654247.38987406
03,Uppsala län,0380,Uppsala,1,30.1,622794.116332835,6658328.06873549
03,Uppsala län,0380,Uppsala,1,30.1,625740.102133815,6657620.16677402
03,Uppsala län,0380,Uppsala,1,30.1,628249.875346069,6660381.18108252
03,Uppsala län,0380,Uppsala,1,30.1,627763.366307025,6665266.19039807
03,Uppsala län,0380,Uppsala,1,30.1,628787.975573889,6669211.85735981
03,Uppsala län,0380,Uppsala,1,30.1,631760.387947471,6670763.8248023
03,Uppsala län,0380,Uppsala,1,30.1,637277.276829801,6675427.23634075
03,Uppsala län,0380,Uppsala,1,30.1,638614.406600194,6669253.83166018
03,Uppsala län,0380,Uppsala,1,30.1,642188.274110308,6667075.90739812
03,Uppsala län,0380,Uppsala,1,30.1,650825.291853428,6670949.61964137
03,Uppsala län,0380,Uppsala,1,30.1,657087.890025866,6671378.02711754
03,Uppsala län,0380,Uppsala,1,30.1,656040.356511858,6667260.99182749
03,Uppsala län,0380,Uppsala,1,30.1,659454.097179722,6667312.66225613
03,Uppsala län,0380,Uppsala,1,30.1,659595.838728659,6663072.16579995
03,Uppsala län,0380,Uppsala,1,30.1,664122.8211802,6658582.19534194
03,Uppsala län,0380,Uppsala,1,30.1,672773.373149351,6660710.38058941
03,Uppsala län,0380,Uppsala,1,30.1,675269.010568373,6657838.30368614
03,Uppsala län,0380,Uppsala,1,30.1,688308.104796283,6661269.86164005
03,Uppsala län,0380,Uppsala,1,30.1,691897.934912576,6656814.3104877
03,Uppsala län,0380,Uppsala,1,30.1,689778.307990771,6655825.60731235
03,Uppsala län,0380,Uppsala,1,30.1,688866.629583575,6641617.58454491
03,Uppsala län,0380,Uppsala,1,30.1,684791.552075489,6637404.5884778
03,Uppsala län,0380,Uppsala,1,30.1,676065.611353507,6634883.74596153
03,Uppsala län,0380,Uppsala,1,30.1,673626.287350391,6626068.49689119
03,Uppsala län,0381,Enköping,1,31.1,637038.484553315,6601256.53127801
03,Uppsala län,0381,Enköping,1,31.1,637416.764063696,6595375.32840136
03,Uppsala län,0381,Enköping,1,31.1,632594.581984367,6595472.81309528
03,Uppsala län,0381,Enköping,1,31.1,625381.530087944,6601456.02367296
03,Uppsala län,0381,Enköping,1,31.1,618844.86166652,6604349.05064064
03,Uppsala län,0381,Enköping,1,31.1,615509.522038028,6603285.80903173
03,Uppsala län,0381,Enköping,1,31.1,611626.781006016,6600866.2423956
03,Uppsala län,0381,Enköping,1,31.1,607614.292466881,6604774.62183009
03,Uppsala län,0381,Enköping,1,31.1,605257.809140665,6616634.16547525
03,Uppsala län,0381,Enköping,1,31.1,600895.367258073,6622927.61211672
03,Uppsala län,0381,Enköping,1,31.1,597916.282827011,6628339.0403133
03,Uppsala län,0381,Enköping,1,31.1,600920.774559804,6632593.54985733
03,Uppsala län,0381,Enköping,1,31.1,602559.59034596,6637258.36745442
03,Uppsala län,0381,Enköping,1,31.1,609211.844254243,6638585.0449315
03,Uppsala län,0381,Enköping,1,31.1,613387.729928171,6634324.88043338
03,Uppsala län,0381,Enköping,1,31.1,619067.667076873,6640383.65745123
03,Uppsala län,0381,Enköping,1,31.1,620655.162843407,6638507.40807257
03,Uppsala län,0381,Enköping,1,31.1,620840.893073126,6634665.52738531
03,Uppsala län,0381,Enköping,1,31.1,624076.889344308,6634935.85846949
03,Uppsala län,0381,Enköping,1,31.1,628120.838489173,6629691.20924383
03,Uppsala län,0381,Enköping,1,31.1,630340.213558436,6631675.78885081
03,Uppsala län,0381,Enköping,1,31.1,633758.914833965,6629915.76546317
03,Uppsala län,0381,Enköping,1,31.1,634189.994087368,6624640.10638189
03,Uppsala län,0381,Enköping,1,31.1,639384.960064986,6624062.39792117
03,Uppsala län,0381,Enköping,1,31.1,640715.290009921,6621956.99728812
03,Uppsala län,0381,Enköping,1,31.1,638173.219079539,6616987.10775168
03,Uppsala län,0381,Enköping,1,31.1,633489.754739909,6610602.51962455
03,Uppsala län,0381,Enköping,1,31.1,632888.755363228,6609542.4416532
03,Uppsala län,0381,Enköping,1,31.1,637038.484553315,6601256.53127801
03,Uppsala län,0382,Östhammar,1,32.1,689554.326834638,6702786.91804137
03,Uppsala län,0382,Östhammar,1,32.1,693695.982705106,6696313.58412799
03,Uppsala län,0382,Östhammar,1,32.1,697594.219368837,6695105.46773964
03,Uppsala län,0382,Östhammar,1,32.1,697011.938658458,6691539.84635557
03,Uppsala län,0382,Östhammar,1,32.1,692326.015589876,6691016.58220382
03,Uppsala län,0382,Östhammar,1,32.1,696964.653917027,6687313.85922045
03,Uppsala län,0382,Östhammar,1,32.1,699327.588004464,6683040.35309397
03,Uppsala län,0382,Östhammar,1,32.1,697792.273569848,6679975.00583589
03,Uppsala län,0382,Östhammar,1,32.1,694364.329553952,6679928.10847133
03,Uppsala län,0382,Östhammar,1,32.1,694854.737635815,6673833.96805949
03,Uppsala län,0382,Östhammar,1,32.1,693926.59632467,6668289.42842044
03,Uppsala län,0382,Östhammar,1,32.1,692734.126569701,6662771.66169701
03,Uppsala län,0382,Östhammar,1,32.1,688308.104796283,6661269.86164005
03,Uppsala län,0382,Östhammar,1,32.1,675269.010568373,6657838.30368614
03,Uppsala län,0382,Östhammar,1,32.1,672773.373149351,6660710.38058941
03,Uppsala län,0382,Östhammar,1,32.1,664122.8211802,6658582.19534194
03,Uppsala län,0382,Östhammar,1,32.1,659595.838728659,6663072.16579995
03,Uppsala län,0382,Östhammar,1,32.1,659454.097179722,6667312.66225613
03,Uppsala län,0382,Östhammar,1,32.1,656040.356511858,6667260.99182749
03,Uppsala län,0382,Östhammar,1,32.1,657087.890025866,6671378.02711754
03,Uppsala län,0382,Östhammar,1,32.1,650825.291853428,6670949.61964137
03,Uppsala län,0382,Östhammar,1,32.1,651125.141187567,6677424.05451112
03,Uppsala län,0382,Östhammar,1,32.1,652016.523678803,6681960.08616401
03,Uppsala län,0382,Östhammar,1,32.1,654109.423735964,6690195.13413075
03,Uppsala län,0382,Östhammar,1,32.1,660894.788049084,6689900.1988832
03,Uppsala län,0382,Östhammar,1,32.1,663022.692096977,6692900.70385294
03,Uppsala län,0382,Östhammar,1,32.1,663004.00320426,6700146.18843103
03,Uppsala län,0382,Östhammar,1,32.1,667848.397539778,6700452.45788126
03,Uppsala län,0382,Östhammar,1,32.1,670672.783508196,6704219.40591846
03,Uppsala län,0382,Östhammar,1,32.1,680380.869878589,6696079.61542399
03,Uppsala län,0382,Östhammar,1,32.1,685873.826129812,6694706.07291154
03,Uppsala län,0382,Östhammar,1,32.1,687742.84623758,6697131.57992556
03,Uppsala län,0382,Östhammar,1,32.1,685135.456039238,6706667.19256913
03,Uppsala län,0382,Östhammar,1,32.1,685247.323095052,6711490.82447596
03,Uppsala län,0382,Östhammar,1,32.1,687166.639661599,6712501.19299966
03,Uppsala län,0382,Östhammar,1,32.1,689554.326834638,6702786.91804137
04,Södermanlands län,0428,Vingåker,1,33.1,549476.437810729,6540208.42724368
04,Södermanlands län,0428,Vingåker,1,33.1,548391.422124413,6543137.44480513
04,Södermanlands län,0428,Vingåker,1,33.1,545547.194180644,6544636.64487946
04,Södermanlands län,0428,Vingåker,1,33.1,542633.020732775,6538096.50270196
04,Södermanlands län,0428,Vingåker,1,33.1,536317.063368688,6540578.51350371
04,Södermanlands län,0428,Vingåker,1,33.1,534774.767818892,6542964.14475191
04,Södermanlands län,0428,Vingåker,1,33.1,535904.015032819,6547883.20762319
04,Södermanlands län,0428,Vingåker,1,33.1,538846.513096733,6552815.18476839
04,Södermanlands län,0428,Vingåker,1,33.1,544173.482013466,6553673.27314894
04,Södermanlands län,0428,Vingåker,1,33.1,544026.194257932,6557011.45729421
04,Södermanlands län,0428,Vingåker,1,33.1,547852.134524923,6556670.80754295
04,Södermanlands län,0428,Vingåker,1,33.1,550619.269913344,6559403.42594149
04,Södermanlands län,0428,Vingåker,1,33.1,557229.802337877,6558120.70748622
04,Södermanlands län,0428,Vingåker,1,33.1,559729.677010099,6553436.29485987
04,Södermanlands län,0428,Vingåker,1,33.1,565167.91203436,6544426.56115296
04,Södermanlands län,0428,Vingåker,1,33.1,562065.528135611,6543538.37499643
04,Södermanlands län,0428,Vingåker,1,33.1,555093.960984586,6536544.30027044
04,Södermanlands län,0428,Vingåker,1,33.1,549476.437810729,6540208.42724368
04,Södermanlands län,0461,Gnesta,1,34.1,637431.324584251,6534641.86172927
04,Södermanlands län,0461,Gnesta,1,34.1,634717.974147309,6537452.56119985
04,Södermanlands län,0461,Gnesta,1,34.1,633081.49849416,6536525.01481327
04,Södermanlands län,0461,Gnesta,1,34.1,631084.505986377,6537636.6893743
04,Södermanlands län,0461,Gnesta,1,34.1,629274.758197629,6536819.03266376
04,Södermanlands län,0461,Gnesta,1,34.1,627173.460389101,6538953.22138271
04,Södermanlands län,0461,Gnesta,1,34.1,625516.351891937,6540068.99336806
04,Södermanlands län,0461,Gnesta,1,34.1,623192.152604456,6539133.15619
04,Södermanlands län,0461,Gnesta,1,34.1,617779.376924959,6543274.91490038
04,Södermanlands län,0461,Gnesta,1,34.1,613717.450501784,6548480.68855402
04,Södermanlands län,0461,Gnesta,1,34.1,607446.7733306,6555363.32623804
04,Södermanlands län,0461,Gnesta,1,34.1,608365.218352082,6558287.73252024
04,Södermanlands län,0461,Gnesta,1,34.1,606886.571177723,6559445.58512846
04,Södermanlands län,0461,Gnesta,1,34.1,609997.995583267,6565965.67242228
04,Södermanlands län,0461,Gnesta,1,34.1,624203.863035633,6565710.5519279
04,Södermanlands län,0461,Gnesta,1,34.1,625553.0147516,6563358.37831292
04,Södermanlands län,0461,Gnesta,1,34.1,628767.466793001,6563429.23789873
04,Södermanlands län,0461,Gnesta,1,34.1,631797.412491221,6558086.99997793
04,Södermanlands län,0461,Gnesta,1,34.1,631293.855138967,6547878.06796815
04,Södermanlands län,0461,Gnesta,1,34.1,635822.997117532,6541576.04796132
04,Södermanlands län,0461,Gnesta,1,34.1,638263.480218837,6537267.370766
04,Södermanlands län,0461,Gnesta,1,34.1,637431.324584251,6534641.86172927
04,Södermanlands län,0480,Nyköping,1,35.1,638915.787172159,6519310.85846087
04,Södermanlands län,0480,Nyköping,1,35.1,638196.318906573,6514295.20878083
04,Södermanlands län,0480,Nyköping,1,35.1,634380.068238222,6515045.11521525
04,Södermanlands län,0480,Nyköping,1,35.1,632079.105793166,6512174.01292685
04,Södermanlands län,0480,Nyköping,1,35.1,626156.64411827,6513397.47489553
04,Södermanlands län,0480,Nyköping,1,35.1,623139.397207351,6513306.18455943
04,Södermanlands län,0480,Nyköping,1,35.1,620247.951800671,6516220.72722956
04,Södermanlands län,0480,Nyköping,1,35.1,616463.342174277,6514597.53684059
04,Södermanlands län,0480,Nyköping,1,35.1,620605.102284437,6510884.21536147
04,Södermanlands län,0480,Nyköping,1,35.1,615261.125722393,6510898.90426303
04,Södermanlands län,0480,Nyköping,1,35.1,614168.442687761,6506986.65996333
04,Södermanlands län,0480,Nyköping,1,35.1,611684.302894173,6505633.09044084
04,Södermanlands län,0480,Nyköping,1,35.1,616552.893023831,6504326.94445223
04,Södermanlands län,0480,Nyköping,1,35.1,616692.062691985,6501898.17023177
04,Södermanlands län,0480,Nyköping,1,35.1,610421.010703987,6499527.32263351
04,Södermanlands län,0480,Nyköping,1,35.1,605662.242552688,6500017.01197982
04,Södermanlands län,0480,Nyköping,1,35.1,601499.098896215,6500445.85514576
04,Södermanlands län,0480,Nyköping,1,35.1,597852.406827667,6505650.72580772
04,Södermanlands län,0480,Nyköping,1,35.1,589522.420690846,6508318.86056649
04,Södermanlands län,0480,Nyköping,1,35.1,579326.145129558,6508565.13417046
04,Södermanlands län,0480,Nyköping,1,35.1,572328.047322534,6521691.304225
04,Södermanlands län,0480,Nyköping,1,35.1,578726.381833287,6519691.90674915
04,Södermanlands län,0480,Nyköping,1,35.1,579834.95045636,6516961.99629446
04,Södermanlands län,0480,Nyköping,1,35.1,583953.800359071,6516135.80023881
04,Södermanlands län,0480,Nyköping,1,35.1,591410.970730553,6520196.53915114
04,Södermanlands län,0480,Nyköping,1,35.1,588872.748060082,6528236.89247128
04,Södermanlands län,0480,Nyköping,1,35.1,594143.012427247,6528767.28001632
04,Södermanlands län,0480,Nyköping,1,35.1,595456.937958826,6531649.39937118
04,Södermanlands län,0480,Nyköping,1,35.1,598762.483946897,6530706.48231105
04,Södermanlands län,0480,Nyköping,1,35.1,600478.650789854,6531735.92568169
04,Södermanlands län,0480,Nyköping,1,35.1,599435.785418441,6535062.52811282
04,Södermanlands län,0480,Nyköping,1,35.1,603878.678696576,6537220.59130267
04,Södermanlands län,0480,Nyköping,1,35.1,606787.86978523,6536317.8997141
04,Södermanlands län,0480,Nyköping,1,35.1,606486.873223775,6542787.73060647
04,Södermanlands län,0480,Nyköping,1,35.1,613717.450501784,6548480.68855402
04,Södermanlands län,0480,Nyköping,1,35.1,617779.376924959,6543274.91490038
04,Södermanlands län,0480,Nyköping,1,35.1,623192.152604456,6539133.15619
04,Södermanlands län,0480,Nyköping,1,35.1,625516.351891937,6540068.99336806
04,Södermanlands län,0480,Nyköping,1,35.1,627173.460389101,6538953.22138271
04,Södermanlands län,0480,Nyköping,1,35.1,629274.758197629,6536819.03266376
04,Södermanlands län,0480,Nyköping,1,35.1,631084.505986377,6537636.6893743
04,Södermanlands län,0480,Nyköping,1,35.1,633081.49849416,6536525.01481327
04,Södermanlands län,0480,Nyköping,1,35.1,634717.974147309,6537452.56119985
04,Södermanlands län,0480,Nyköping,1,35.1,637431.324584251,6534641.86172927
04,Södermanlands län,0480,Nyköping,1,35.1,637839.503743238,6529643.79928846
04,Södermanlands län,0480,Nyköping,1,35.1,636301.968795038,6527805.64464976
04,Södermanlands län,0480,Nyköping,1,35.1,636616.705607936,6523258.36604172
04,Södermanlands län,0480,Nyköping,1,35.1,639574.711173149,6522046.23878804
04,Södermanlands län,0480,Nyköping,1,35.1,640475.386186358,6518985.70608633
04,Södermanlands län,0480,Nyköping,1,35.1,638915.787172159,6519310.85846087
04,Södermanlands län,0481,Oxelösund,1,36.1,615261.125722393,6510898.90426303
04,Södermanlands län,0481,Oxelösund,1,36.1,620605.102284437,6510884.21536147
04,Södermanlands län,0481,Oxelösund,1,36.1,623592.384099588,6508229.74188064
04,Södermanlands län,0481,Oxelösund,1,36.1,621156.720935693,6504255.32310051
04,Södermanlands län,0481,Oxelösund,1,36.1,617605.920939034,6506633.08394553
04,Södermanlands län,0481,Oxelösund,1,36.1,614168.442687761,6506986.65996333
04,Södermanlands län,0481,Oxelösund,1,36.1,615261.125722393,6510898.90426303
04,Södermanlands län,0482,Flen,1,37.1,581558.70072474,6532879.50396555
04,Södermanlands län,0482,Flen,1,37.1,585100.746789856,6534124.88005298
04,Södermanlands län,0482,Flen,1,37.1,587561.614052857,6536486.95256068
04,Södermanlands län,0482,Flen,1,37.1,585178.435928786,6538542.66465294
04,Södermanlands län,0482,Flen,1,37.1,588561.630350934,6542017.57597676
04,Södermanlands län,0482,Flen,1,37.1,588596.085153029,6546037.95556257
04,Södermanlands län,0482,Flen,1,37.1,586104.919282244,6547099.60530038
04,Södermanlands län,0482,Flen,1,37.1,586337.565096382,6551098.36140633
04,Södermanlands län,0482,Flen,1,37.1,582610.17162028,6553695.65543895
04,Södermanlands län,0482,Flen,1,37.1,582334.255989052,6564118.54355153
04,Södermanlands län,0482,Flen,1,37.1,588219.617830558,6564787.54616577
04,Södermanlands län,0482,Flen,1,37.1,594094.922985257,6567200.9947963
04,Södermanlands län,0482,Flen,1,37.1,598719.234181646,6567327.9098566
04,Södermanlands län,0482,Flen,1,37.1,600081.130257554,6568797.01818899
04,Södermanlands län,0482,Flen,1,37.1,604094.167497861,6569456.41445606
04,Södermanlands län,0482,Flen,1,37.1,605106.75946916,6567073.24360963
04,Södermanlands län,0482,Flen,1,37.1,609997.995583267,6565965.67242228
04,Södermanlands län,0482,Flen,1,37.1,606886.571177723,6559445.58512846
04,Södermanlands län,0482,Flen,1,37.1,608365.218352082,6558287.73252024
04,Södermanlands län,0482,Flen,1,37.1,607446.7733306,6555363.32623804
04,Södermanlands län,0482,Flen,1,37.1,613717.450501784,6548480.68855402
04,Södermanlands län,0482,Flen,1,37.1,606486.873223775,6542787.73060647
04,Södermanlands län,0482,Flen,1,37.1,606787.86978523,6536317.8997141
04,Södermanlands län,0482,Flen,1,37.1,603878.678696576,6537220.59130267
04,Södermanlands län,0482,Flen,1,37.1,599435.785418441,6535062.52811282
04,Södermanlands län,0482,Flen,1,37.1,600478.650789854,6531735.92568169
04,Södermanlands län,0482,Flen,1,37.1,598762.483946897,6530706.48231105
04,Södermanlands län,0482,Flen,1,37.1,595456.937958826,6531649.39937118
04,Södermanlands län,0482,Flen,1,37.1,594143.012427247,6528767.28001632
04,Södermanlands län,0482,Flen,1,37.1,588872.748060082,6528236.89247128
04,Södermanlands län,0482,Flen,1,37.1,581558.70072474,6532879.50396555
04,Södermanlands län,0483,Katrineholm,1,38.1,581558.70072474,6532879.50396555
04,Södermanlands län,0483,Katrineholm,1,38.1,588872.748060082,6528236.89247128
04,Södermanlands län,0483,Katrineholm,1,38.1,591410.970730553,6520196.53915114
04,Södermanlands län,0483,Katrineholm,1,38.1,583953.800359071,6516135.80023881
04,Södermanlands län,0483,Katrineholm,1,38.1,579834.95045636,6516961.99629446
04,Södermanlands län,0483,Katrineholm,1,38.1,578726.381833287,6519691.90674915
04,Södermanlands län,0483,Katrineholm,1,38.1,572328.047322534,6521691.304225
04,Södermanlands län,0483,Katrineholm,1,38.1,570766.494553986,6523931.8626864
04,Södermanlands län,0483,Katrineholm,1,38.1,567314.524970893,6524757.04408786
04,Södermanlands län,0483,Katrineholm,1,38.1,563311.013400876,6529125.54766035
04,Södermanlands län,0483,Katrineholm,1,38.1,560634.663356837,6534029.86433022
04,Södermanlands län,0483,Katrineholm,1,38.1,555093.960984586,6536544.30027044
04,Södermanlands län,0483,Katrineholm,1,38.1,562065.528135611,6543538.37499643
04,Södermanlands län,0483,Katrineholm,1,38.1,565167.91203436,6544426.56115296
04,Södermanlands län,0483,Katrineholm,1,38.1,559729.677010099,6553436.29485987
04,Södermanlands län,0483,Katrineholm,1,38.1,557229.802337877,6558120.70748622
04,Södermanlands län,0483,Katrineholm,1,38.1,550619.269913344,6559403.42594149
04,Södermanlands län,0483,Katrineholm,1,38.1,550984.950615739,6563390.63615983
04,Södermanlands län,0483,Katrineholm,1,38.1,557255.402836666,6565761.77315551
04,Södermanlands län,0483,Katrineholm,1,38.1,561104.734272384,6567377.85890162
04,Södermanlands län,0483,Katrineholm,1,38.1,565892.385889809,6564068.71950613
04,Södermanlands län,0483,Katrineholm,1,38.1,568391.307014419,6559385.2656796
04,Södermanlands län,0483,Katrineholm,1,38.1,574928.741994356,6560521.97056297
04,Södermanlands län,0483,Katrineholm,1,38.1,578510.999895073,6563976.3470274
04,Södermanlands län,0483,Katrineholm,1,38.1,582334.255989052,6564118.54355153
04,Södermanlands län,0483,Katrineholm,1,38.1,582610.17162028,6553695.65543895
04,Södermanlands län,0483,Katrineholm,1,38.1,586337.565096382,6551098.36140633
04,Södermanlands län,0483,Katrineholm,1,38.1,586104.919282244,6547099.60530038
04,Södermanlands län,0483,Katrineholm,1,38.1,588596.085153029,6546037.95556257
04,Södermanlands län,0483,Katrineholm,1,38.1,588561.630350934,6542017.57597676
04,Södermanlands län,0483,Katrineholm,1,38.1,585178.435928786,6538542.66465294
04,Södermanlands län,0483,Katrineholm,1,38.1,587561.614052857,6536486.95256068
04,Södermanlands län,0483,Katrineholm,1,38.1,585100.746789856,6534124.88005298
04,Södermanlands län,0483,Katrineholm,1,38.1,581558.70072474,6532879.50396555
04,Södermanlands län,0484,Eskilstuna,1,39.1,591085.4355638,6591250.43534396
04,Södermanlands län,0484,Eskilstuna,1,39.1,596568.367763407,6593121.44789427
04,Södermanlands län,0484,Eskilstuna,1,39.1,602902.884033369,6585608.08510391
04,Södermanlands län,0484,Eskilstuna,1,39.1,604094.167497861,6569456.41445606
04,Södermanlands län,0484,Eskilstuna,1,39.1,600081.130257554,6568797.01818899
04,Södermanlands län,0484,Eskilstuna,1,39.1,598719.234181646,6567327.9098566
04,Södermanlands län,0484,Eskilstuna,1,39.1,594094.922985257,6567200.9947963
04,Södermanlands län,0484,Eskilstuna,1,39.1,588219.617830558,6564787.54616577
04,Södermanlands län,0484,Eskilstuna,1,39.1,582334.255989052,6564118.54355153
04,Södermanlands län,0484,Eskilstuna,1,39.1,578510.999895073,6563976.3470274
04,Södermanlands län,0484,Eskilstuna,1,39.1,574928.741994356,6560521.97056297
04,Södermanlands län,0484,Eskilstuna,1,39.1,568391.307014419,6559385.2656796
04,Södermanlands län,0484,Eskilstuna,1,39.1,565892.385889809,6564068.71950613
04,Södermanlands län,0484,Eskilstuna,1,39.1,561104.734272384,6567377.85890162
04,Södermanlands län,0484,Eskilstuna,1,39.1,567335.666722594,6568145.01875148
04,Södermanlands län,0484,Eskilstuna,1,39.1,571954.921916248,6570083.36635344
04,Södermanlands län,0484,Eskilstuna,1,39.1,573950.591044355,6573700.52647057
04,Södermanlands län,0484,Eskilstuna,1,39.1,571571.294637081,6573944.65205833
04,Södermanlands län,0484,Eskilstuna,1,39.1,560746.306160245,6570231.69943755
04,Södermanlands län,0484,Eskilstuna,1,39.1,556663.760098198,6573267.39758975
04,Södermanlands län,0484,Eskilstuna,1,39.1,548652.543437385,6573731.29640243
04,Södermanlands län,0484,Eskilstuna,1,39.1,552671.709529707,6578573.49840565
04,Södermanlands län,0484,Eskilstuna,1,39.1,556682.739432953,6582188.00232191
04,Södermanlands län,0484,Eskilstuna,1,39.1,559782.496618333,6581059.88158262
04,Södermanlands län,0484,Eskilstuna,1,39.1,564539.531025948,6580365.7063574
04,Södermanlands län,0484,Eskilstuna,1,39.1,571565.094203966,6582054.32740552
04,Södermanlands län,0484,Eskilstuna,1,39.1,572261.601797977,6584802.99765834
04,Södermanlands län,0484,Eskilstuna,1,39.1,569466.902944725,6586905.54829119
04,Södermanlands län,0484,Eskilstuna,1,39.1,569795.386871868,6589992.66928254
04,Södermanlands län,0484,Eskilstuna,1,39.1,580427.001498982,6590939.29948194
04,Södermanlands län,0484,Eskilstuna,1,39.1,585973.501114923,6592179.21965137
04,Södermanlands län,0484,Eskilstuna,1,39.1,591085.4355638,6591250.43534396
01,Stockholms län,0123,Järfälla,1,4.1,658876.87671046,6594696.74432875
01,Stockholms län,0123,Järfälla,1,4.1,659031.240221001,6595406.48951465
01,Stockholms län,0123,Järfälla,1,4.1,658530.751759896,6596031.30015962
01,Stockholms län,0123,Järfälla,1,4.1,658719.143366263,6597727.28472192
01,Stockholms län,0123,Järfälla,1,4.1,658860.331737893,6599769.62449563
01,Stockholms län,0123,Järfälla,1,4.1,660952.2692954,6598920.16491014
01,Stockholms län,0123,Järfälla,1,4.1,660757.502021705,6596513.22418883
01,Stockholms län,0123,Järfälla,1,4.1,660182.86475719,6595667.41264705
01,Stockholms län,0123,Järfälla,1,4.1,661215.791110686,6595329.00179581
01,Stockholms län,0123,Järfälla,1,4.1,661360.122823097,6594804.84032398
01,Stockholms län,0123,Järfälla,1,4.1,661650.419355118,6594281.45875018
01,Stockholms län,0123,Järfälla,1,4.1,662758.787667256,6593904.96406159
01,Stockholms län,0123,Järfälla,1,4.1,663085.350899542,6593194.0479619
01,Stockholms län,0123,Järfälla,1,4.1,663255.188458661,6591473.41129093
01,Stockholms län,0123,Järfälla,1,4.1,663808.621550246,6591347.14237609
01,Stockholms län,0123,Järfälla,1,4.1,663986.866555199,6590499.44849833
01,Stockholms län,0123,Järfälla,1,4.1,663863.762929554,6589190.18223405
01,Stockholms län,0123,Järfälla,1,4.1,663260.89214022,6588033.077895
01,Stockholms län,0123,Järfälla,1,4.1,662138.579691913,6586837.68350335
01,Stockholms län,0123,Järfälla,1,4.1,661505.116032684,6586390.08750323
01,Stockholms län,0123,Järfälla,1,4.1,660988.395529481,6586539.80195919
01,Stockholms län,0123,Järfälla,1,4.1,660737.631301314,6587513.58334852
01,Stockholms län,0123,Järfälla,1,4.1,660148.751563227,6587925.37815098
01,Stockholms län,0123,Järfälla,1,4.1,659552.917553231,6587590.21795694
01,Stockholms län,0123,Järfälla,1,4.1,658840.766126033,6586705.74031978
01,Stockholms län,0123,Järfälla,1,4.1,658220.123875518,6587593.05471422
01,Stockholms län,0123,Järfälla,1,4.1,657631.973430593,6588191.8192855
01,Stockholms län,0123,Järfälla,1,4.1,657418.132576756,6589089.07142616
01,Stockholms län,0123,Järfälla,1,4.1,657468.429356852,6590548.41118299
01,Stockholms län,0123,Järfälla,1,4.1,658463.64970028,6594061.8430931
01,Stockholms län,0123,Järfälla,1,4.1,658690.07433237,6594435.52357354
01,Stockholms län,0123,Järfälla,1,4.1,658876.87671046,6594696.74432875
04,Södermanlands län,0486,Strängnäs,1,40.1,611514.311184013,6596043.99892086
04,Södermanlands län,0486,Strängnäs,1,40.1,614074.382240177,6597390.74394752
04,Södermanlands län,0486,Strängnäs,1,40.1,617447.28289676,6595027.20012831
04,Södermanlands län,0486,Strängnäs,1,40.1,615803.891276134,6590967.18924017
04,Södermanlands län,0486,Strängnäs,1,40.1,618069.234513228,6583883.2537526
04,Södermanlands län,0486,Strängnäs,1,40.1,622335.858353011,6584247.86415978
04,Södermanlands län,0486,Strängnäs,1,40.1,620227.562754018,6590911.83428955
04,Södermanlands län,0486,Strängnäs,1,40.1,621699.346525529,6593377.13107898
04,Södermanlands län,0486,Strängnäs,1,40.1,629360.501837526,6591577.41659206
04,Södermanlands län,0486,Strängnäs,1,40.1,631992.731548723,6586067.49448519
04,Södermanlands län,0486,Strängnäs,1,40.1,629177.621622463,6582329.1693129
04,Södermanlands län,0486,Strängnäs,1,40.1,630947.893217732,6581945.70120221
04,Södermanlands län,0486,Strängnäs,1,40.1,631583.037124319,6578455.13020479
04,Södermanlands län,0486,Strängnäs,1,40.1,628518.552238974,6576153.50776191
04,Södermanlands län,0486,Strängnäs,1,40.1,630219.045138801,6572117.95395323
04,Södermanlands län,0486,Strängnäs,1,40.1,627784.305305979,6569164.1202781
04,Södermanlands län,0486,Strängnäs,1,40.1,628767.466793001,6563429.23789873
04,Södermanlands län,0486,Strängnäs,1,40.1,625553.0147516,6563358.37831292
04,Södermanlands län,0486,Strängnäs,1,40.1,624203.863035633,6565710.5519279
04,Södermanlands län,0486,Strängnäs,1,40.1,609997.995583267,6565965.67242228
04,Södermanlands län,0486,Strängnäs,1,40.1,605106.75946916,6567073.24360963
04,Södermanlands län,0486,Strängnäs,1,40.1,604094.167497861,6569456.41445606
04,Södermanlands län,0486,Strängnäs,1,40.1,602902.884033369,6585608.08510391
04,Södermanlands län,0486,Strängnäs,1,40.1,596568.367763407,6593121.44789427
04,Södermanlands län,0486,Strängnäs,1,40.1,601175.765843014,6593489.22475886
04,Södermanlands län,0486,Strängnäs,1,40.1,604154.78321581,6594994.98257493
04,Södermanlands län,0486,Strängnäs,1,40.1,610691.314173559,6592101.94215232
04,Södermanlands län,0486,Strängnäs,1,40.1,611514.311184013,6596043.99892086
04,Södermanlands län,0488,Trosa,1,41.1,637839.503743238,6529643.79928846
04,Södermanlands län,0488,Trosa,1,41.1,637431.324584251,6534641.86172927
04,Södermanlands län,0488,Trosa,1,41.1,638263.480218837,6537267.370766
04,Södermanlands län,0488,Trosa,1,41.1,635822.997117532,6541576.04796132
04,Södermanlands län,0488,Trosa,1,41.1,644874.851595307,6541852.23948635
04,Södermanlands län,0488,Trosa,1,41.1,645189.74269683,6539204.54767641
04,Södermanlands län,0488,Trosa,1,41.1,649577.767544806,6537142.88208569
04,Södermanlands län,0488,Trosa,1,41.1,650846.676702746,6532405.08293804
04,Södermanlands län,0488,Trosa,1,41.1,648049.508057462,6529310.94356617
04,Södermanlands län,0488,Trosa,1,41.1,649469.999825609,6526260.6419355
04,Södermanlands län,0488,Trosa,1,41.1,647581.716126063,6524986.13301718
04,Södermanlands län,0488,Trosa,1,41.1,643742.056836759,6528007.27770488
04,Södermanlands län,0488,Trosa,1,41.1,642959.27486097,6520947.22823341
04,Södermanlands län,0488,Trosa,1,41.1,644540.59944465,6519150.62978078
04,Södermanlands län,0488,Trosa,1,41.1,641601.74331204,6518771.31335239
04,Södermanlands län,0488,Trosa,1,41.1,640475.386186358,6518985.70608633
04,Södermanlands län,0488,Trosa,1,41.1,639574.711173149,6522046.23878804
04,Södermanlands län,0488,Trosa,1,41.1,636616.705607936,6523258.36604172
04,Södermanlands län,0488,Trosa,1,41.1,636301.968795038,6527805.64464976
04,Södermanlands län,0488,Trosa,1,41.1,637839.503743238,6529643.79928846
05,Östergötlands län,0509,Ödeshög,1,42.1,492239.163729054,6448533.6205575
05,Östergötlands län,0509,Ödeshög,1,42.1,496083.225556523,6443309.5186183
05,Östergötlands län,0509,Ödeshög,1,42.1,493780.933987883,6438719.68671632
05,Östergötlands län,0509,Ödeshög,1,42.1,485571.153906145,6436950.23861463
05,Östergötlands län,0509,Ödeshög,1,42.1,485144.92302717,6440413.82786495
05,Östergötlands län,0509,Ödeshög,1,42.1,476649.166383627,6439076.80011784
05,Östergötlands län,0509,Ödeshög,1,42.1,472740.252482126,6440620.46880961
05,Östergötlands län,0509,Ödeshög,1,42.1,475937.400468143,6451623.39402994
05,Östergötlands län,0509,Ödeshög,1,42.1,477352.089842086,6459121.41361481
05,Östergötlands län,0509,Ödeshög,1,42.1,478822.013813074,6461585.06417941
05,Östergötlands län,0509,Ödeshög,1,42.1,478067.859949355,6463876.15116513
05,Östergötlands län,0509,Ödeshög,1,42.1,479284.491379733,6467706.24745314
05,Östergötlands län,0509,Ödeshög,1,42.1,481342.908312949,6466354.43771022
05,Östergötlands län,0509,Ödeshög,1,42.1,487944.617892494,6468088.8990016105
05,Östergötlands län,0509,Ödeshög,1,42.1,490831.767437119,6466984.90541776
05,Östergötlands län,0509,Ödeshög,1,42.1,490823.235205367,6461353.90676691
05,Östergötlands län,0509,Ödeshög,1,42.1,492477.05659315,6456891.36434784
05,Östergötlands län,0509,Ödeshög,1,42.1,491657.926043893,6452416.21772944
05,Östergötlands län,0509,Ödeshög,1,42.1,492239.163729054,6448533.6205575
05,Östergötlands län,0512,Ydre,1,43.1,500259.320486571,6417128.92446113
05,Östergötlands län,0512,Ydre,1,43.1,498987.634176932,6421417.19667561
05,Östergötlands län,0512,Ydre,1,43.1,500834.815315857,6426122.5338386
05,Östergötlands län,0512,Ydre,1,43.1,502921.013971746,6428723.50124659
05,Östergötlands län,0512,Ydre,1,43.1,501502.927968669,6432290.29095297
05,Östergötlands län,0512,Ydre,1,43.1,508199.602605541,6431196.65575734
05,Östergötlands län,0512,Ydre,1,43.1,514060.377464162,6429788.1242725
05,Östergötlands län,0512,Ydre,1,43.1,516887.298305594,6426278.08733467
05,Östergötlands län,0512,Ydre,1,43.1,521467.984131195,6426006.84503575
05,Östergötlands län,0512,Ydre,1,43.1,524510.115815882,6424485.6686318
05,Östergötlands län,0512,Ydre,1,43.1,523931.991514116,6417303.1689397
05,Östergötlands län,0512,Ydre,1,43.1,526551.55651393,6417434.36267179
05,Östergötlands län,0512,Ydre,1,43.1,527658.725395851,6414705.47278525
05,Östergötlands län,0512,Ydre,1,43.1,530412.60113746,6414220.45890822
05,Östergötlands län,0512,Ydre,1,43.1,530925.246567103,6411551.44308349
05,Östergötlands län,0512,Ydre,1,43.1,531877.232192347,6406155.5429126
05,Östergötlands län,0512,Ydre,1,43.1,530726.306999793,6402318.09067102
05,Östergötlands län,0512,Ydre,1,43.1,527178.715785998,6402885.66208896
05,Östergötlands län,0512,Ydre,1,43.1,525531.998345735,6400640.80008439
05,Östergötlands län,0512,Ydre,1,43.1,524772.585542392,6395487.48033203
05,Östergötlands län,0512,Ydre,1,43.1,516930.030126588,6397101.59913191
05,Östergötlands län,0512,Ydre,1,43.1,508410.080107116,6396170.52564897
05,Östergötlands län,0512,Ydre,1,43.1,505953.281846892,6401855.27182341
05,Östergötlands län,0512,Ydre,1,43.1,503823.156385615,6409317.22241179
05,Östergötlands län,0512,Ydre,1,43.1,504521.199726914,6412061.56312908
05,Östergötlands län,0512,Ydre,1,43.1,500259.320486571,6417128.92446113
05,Östergötlands län,0513,Kinda,1,44.1,556794.781764363,6443086.42466243
05,Östergötlands län,0513,Kinda,1,44.1,559837.06941327,6441565.23602138
05,Östergötlands län,0513,Kinda,1,44.1,558882.042504422,6438913.60283488
05,Östergötlands län,0513,Kinda,1,44.1,558116.812669326,6433092.16492045
05,Östergötlands län,0513,Kinda,1,44.1,562977.250544523,6426152.21905076
05,Östergötlands län,0513,Kinda,1,44.1,560339.586925236,6424009.36343398
05,Östergötlands län,0513,Kinda,1,44.1,563279.321123926,6414150.28970837
05,Östergötlands län,0513,Kinda,1,44.1,560429.032147166,6413740.42913218
05,Östergötlands län,0513,Kinda,1,44.1,554627.544963819,6408302.89778062
05,Östergötlands län,0513,Kinda,1,44.1,551452.021381174,6410441.42346136
05,Östergötlands län,0513,Kinda,1,44.1,547206.267198202,6408263.49577758
05,Östergötlands län,0513,Kinda,1,44.1,546185.571071168,6411789.24940084
05,Östergötlands län,0513,Kinda,1,44.1,539794.923994672,6413856.42318335
05,Östergötlands län,0513,Kinda,1,44.1,534445.641013262,6412597.05875391
05,Östergötlands län,0513,Kinda,1,44.1,535091.602308116,6409310.82361105
05,Östergötlands län,0513,Kinda,1,44.1,531877.232192347,6406155.5429126
05,Östergötlands län,0513,Kinda,1,44.1,530925.246567103,6411551.44308349
05,Östergötlands län,0513,Kinda,1,44.1,530412.60113746,6414220.45890822
05,Östergötlands län,0513,Kinda,1,44.1,527658.725395851,6414705.47278525
05,Östergötlands län,0513,Kinda,1,44.1,526551.55651393,6417434.36267179
05,Östergötlands län,0513,Kinda,1,44.1,523931.991514116,6417303.1689397
05,Östergötlands län,0513,Kinda,1,44.1,524510.115815882,6424485.6686318
05,Östergötlands län,0513,Kinda,1,44.1,521467.984131195,6426006.84503575
05,Östergötlands län,0513,Kinda,1,44.1,520701.012977042,6433731.08017914
05,Östergötlands län,0513,Kinda,1,44.1,522082.207517301,6436605.61508802
05,Östergötlands län,0513,Kinda,1,44.1,525313.050932151,6439290.31974446
05,Östergötlands län,0513,Kinda,1,44.1,526946.348348352,6437713.36399552
05,Östergötlands län,0513,Kinda,1,44.1,529803.667433351,6440034.74166793
05,Östergötlands län,0513,Kinda,1,44.1,529532.363139906,6443079.50225517
05,Östergötlands län,0513,Kinda,1,44.1,531748.242224513,6446875.76215282
05,Östergötlands län,0513,Kinda,1,44.1,531847.991123677,6451492.45036111
05,Östergötlands län,0513,Kinda,1,44.1,535682.920775615,6449889.84731514
05,Östergötlands län,0513,Kinda,1,44.1,538065.76610265,6447833.00813017
05,Östergötlands län,0513,Kinda,1,44.1,541427.530040492,6451108.19613134
05,Östergötlands län,0513,Kinda,1,44.1,547274.255020497,6452650.67081383
05,Östergötlands län,0513,Kinda,1,44.1,549684.720351901,6451463.87137196
05,Östergötlands län,0513,Kinda,1,44.1,551696.505678691,6447836.04382578
05,Östergötlands län,0513,Kinda,1,44.1,555531.525295789,6446233.38753667
05,Östergötlands län,0513,Kinda,1,44.1,556794.781764363,6443086.42466243
05,Östergötlands län,0560,Boxholm,1,45.1,492239.163729054,6448533.6205575
05,Östergötlands län,0560,Boxholm,1,45.1,491657.926043893,6452416.21772944
05,Östergötlands län,0560,Boxholm,1,45.1,492477.05659315,6456891.36434784
05,Östergötlands län,0560,Boxholm,1,45.1,494218.442443409,6459394.29284127
05,Östergötlands län,0560,Boxholm,1,45.1,497300.066038912,6460082.93975738
05,Östergötlands län,0560,Boxholm,1,45.1,499057.31856656,6461511.46642285
05,Östergötlands län,0560,Boxholm,1,45.1,501131.175494142,6460291.74855041
05,Östergötlands län,0560,Boxholm,1,45.1,503397.529195511,6460862.68234558
05,Östergötlands län,0560,Boxholm,1,45.1,512305.154102264,6456122.01506585
05,Östergötlands län,0560,Boxholm,1,45.1,513820.781729105,6447918.99092953
05,Östergötlands län,0560,Boxholm,1,45.1,513540.815477731,6445332.53660466
05,Östergötlands län,0560,Boxholm,1,45.1,515744.798775615,6444099.31817183
05,Östergötlands län,0560,Boxholm,1,45.1,516281.348705323,6441026.78424326
05,Östergötlands län,0560,Boxholm,1,45.1,519849.528956641,6440658.56449079
05,Östergötlands län,0560,Boxholm,1,45.1,519016.232319065,6438531.32648763
05,Östergötlands län,0560,Boxholm,1,45.1,522082.207517301,6436605.61508802
05,Östergötlands län,0560,Boxholm,1,45.1,520701.012977042,6433731.08017914
05,Östergötlands län,0560,Boxholm,1,45.1,521467.984131195,6426006.84503575
05,Östergötlands län,0560,Boxholm,1,45.1,516887.298305594,6426278.08733467
05,Östergötlands län,0560,Boxholm,1,45.1,514060.377464162,6429788.1242725
05,Östergötlands län,0560,Boxholm,1,45.1,508199.602605541,6431196.65575734
05,Östergötlands län,0560,Boxholm,1,45.1,501502.927968669,6432290.29095297
05,Östergötlands län,0560,Boxholm,1,45.1,498927.127586883,6441809.06475287
05,Östergötlands län,0560,Boxholm,1,45.1,496083.225556523,6443309.5186183
05,Östergötlands län,0560,Boxholm,1,45.1,492239.163729054,6448533.6205575
05,Östergötlands län,0561,Åtvidaberg,1,46.1,556794.781764363,6443086.42466243
05,Östergötlands län,0561,Åtvidaberg,1,46.1,555531.525295789,6446233.38753667
05,Östergötlands län,0561,Åtvidaberg,1,46.1,551696.505678691,6447836.04382578
05,Östergötlands län,0561,Åtvidaberg,1,46.1,549684.720351901,6451463.87137196
05,Östergötlands län,0561,Åtvidaberg,1,46.1,547274.255020497,6452650.67081383
05,Östergötlands län,0561,Åtvidaberg,1,46.1,548090.901246762,6455249.6494244
05,Östergötlands län,0561,Åtvidaberg,1,46.1,547884.348648362,6458893.06398022
05,Östergötlands län,0561,Åtvidaberg,1,46.1,545678.042427472,6460729.07994111
05,Östergötlands län,0561,Åtvidaberg,1,46.1,546397.565418778,6463672.79181972
05,Östergötlands län,0561,Åtvidaberg,1,46.1,551827.590449685,6467538.66722994
05,Östergötlands län,0561,Åtvidaberg,1,46.1,555332.093449443,6466574.95306966
05,Östergötlands län,0561,Åtvidaberg,1,46.1,561243.980280695,6471195.44707969
05,Östergötlands län,0561,Åtvidaberg,1,46.1,562994.854008577,6466991.64650988
05,Östergötlands län,0561,Åtvidaberg,1,46.1,565919.756253966,6468098.38042693
05,Östergötlands län,0561,Åtvidaberg,1,46.1,569958.752257656,6464664.73763726
05,Östergötlands län,0561,Åtvidaberg,1,46.1,572203.686382124,6465035.52786771
05,Östergötlands län,0561,Åtvidaberg,1,46.1,575004.633593255,6463138.6093649
05,Östergötlands län,0561,Åtvidaberg,1,46.1,575896.89924734,6458419.59300002
05,Östergötlands län,0561,Åtvidaberg,1,46.1,584119.5589677,6454755.00416652
05,Östergötlands län,0561,Åtvidaberg,1,46.1,583623.440528851,6450179.27616739
05,Östergötlands län,0561,Åtvidaberg,1,46.1,580938.886396284,6449449.35680671
05,Östergötlands län,0561,Åtvidaberg,1,46.1,580739.58869308,6446384.79193997
05,Östergötlands län,0561,Åtvidaberg,1,46.1,576171.659593532,6444307.73093194
05,Östergötlands län,0561,Åtvidaberg,1,46.1,573655.393658694,6446980.90915572
05,Östergötlands län,0561,Åtvidaberg,1,46.1,569435.873783001,6443191.51233977
05,Östergötlands län,0561,Åtvidaberg,1,46.1,567831.40510864,6441344.85745351
05,Östergötlands län,0561,Åtvidaberg,1,46.1,569339.729883069,6436763.17114773
05,Östergötlands län,0561,Åtvidaberg,1,46.1,565883.07600352,6436314.00658243
05,Östergötlands län,0561,Åtvidaberg,1,46.1,564379.395741668,6439085.24545262
05,Östergötlands län,0561,Åtvidaberg,1,46.1,558882.042504422,6438913.60283488
05,Östergötlands län,0561,Åtvidaberg,1,46.1,559837.06941327,6441565.23602138
05,Östergötlands län,0561,Åtvidaberg,1,46.1,556794.781764363,6443086.42466243
05,Östergötlands län,0562,Finspång,1,47.1,537650.885814459,6503201.45535674
05,Östergötlands län,0562,Finspång,1,47.1,535307.866100726,6497608.0749229
05,Östergötlands län,0562,Finspång,1,47.1,533914.564087545,6500166.50751355
05,Östergötlands län,0562,Finspång,1,47.1,530838.60877778,6497666.34294358
05,Östergötlands län,0562,Finspång,1,47.1,529950.940763175,6500574.72588279
05,Östergötlands län,0562,Finspång,1,47.1,527806.215200178,6500526.95639662
05,Östergötlands län,0562,Finspång,1,47.1,526989.29092937,6504701.75817268
05,Östergötlands län,0562,Finspång,1,47.1,527964.043354742,6511844.13671702
05,Östergötlands län,0562,Finspång,1,47.1,525912.644061363,6513262.98334678
05,Östergötlands län,0562,Finspång,1,47.1,523563.266029204,6519338.68372594
05,Östergötlands län,0562,Finspång,1,47.1,524204.439315613,6521299.75102951
05,Östergötlands län,0562,Finspång,1,47.1,525357.391669158,6526417.94196782
05,Östergötlands län,0562,Finspång,1,47.1,530176.969901518,6526321.06252808
05,Östergötlands län,0562,Finspång,1,47.1,532615.259301586,6530297.1618599
05,Östergötlands län,0562,Finspång,1,47.1,530528.229903755,6534004.79618432
05,Östergötlands län,0562,Finspång,1,47.1,536317.063368688,6540578.51350371
05,Östergötlands län,0562,Finspång,1,47.1,542633.020732775,6538096.50270196
05,Östergötlands län,0562,Finspång,1,47.1,545547.194180644,6544636.64487946
05,Östergötlands län,0562,Finspång,1,47.1,548391.422124413,6543137.44480513
05,Östergötlands län,0562,Finspång,1,47.1,549476.437810729,6540208.42724368
05,Östergötlands län,0562,Finspång,1,47.1,555093.960984586,6536544.30027044
05,Östergötlands län,0562,Finspång,1,47.1,560634.663356837,6534029.86433022
05,Östergötlands län,0562,Finspång,1,47.1,563311.013400876,6529125.54766035
05,Östergötlands län,0562,Finspång,1,47.1,567314.524970893,6524757.04408786
05,Östergötlands län,0562,Finspång,1,47.1,562074.367730168,6521407.87258205
05,Östergötlands län,0562,Finspång,1,47.1,561422.638528218,6517249.22243643
05,Östergötlands län,0562,Finspång,1,47.1,557777.450013836,6513199.53077702
05,Östergötlands län,0562,Finspång,1,47.1,556622.310243612,6508087.13158214
05,Östergötlands län,0562,Finspång,1,47.1,557178.449668291,6505817.49616941
05,Östergötlands län,0562,Finspång,1,47.1,555355.341258741,6503792.1688912
05,Östergötlands län,0562,Finspång,1,47.1,553363.19989374,6498363.83512792
05,Östergötlands län,0562,Finspång,1,47.1,549110.116095793,6499808.27664629
05,Östergötlands län,0562,Finspång,1,47.1,543180.410937559,6502431.18325828
05,Östergötlands län,0562,Finspång,1,47.1,537650.885814459,6503201.45535674
05,Östergötlands län,0563,Valdemarsvik,1,48.1,572321.215310775,6471664.10262007
05,Östergötlands län,0563,Valdemarsvik,1,48.1,572932.681575194,6473612.88929596
05,Östergötlands län,0563,Valdemarsvik,1,48.1,584788.667587652,6470176.95189163
05,Östergötlands län,0563,Valdemarsvik,1,48.1,587034.611377299,6470549.77444688
05,Östergötlands län,0563,Valdemarsvik,1,48.1,590788.083568755,6466340.84011155
05,Östergötlands län,0563,Valdemarsvik,1,48.1,593872.758543309,6465217.08425513
05,Östergötlands län,0563,Valdemarsvik,1,48.1,598606.262319172,6459566.19176123
05,Östergötlands län,0563,Valdemarsvik,1,48.1,603694.227742427,6455956.9808539
05,Östergötlands län,0563,Valdemarsvik,1,48.1,606986.473297436,6451190.52829598
05,Östergötlands län,0563,Valdemarsvik,1,48.1,604185.127361915,6443833.77658929
05,Östergötlands län,0563,Valdemarsvik,1,48.1,598828.175053767,6446197.14566914
05,Östergötlands län,0563,Valdemarsvik,1,48.1,599650.882540076,6442691.85511141
05,Östergötlands län,0563,Valdemarsvik,1,48.1,604551.237589668,6437960.57151035
05,Östergötlands län,0563,Valdemarsvik,1,48.1,600878.251026115,6435523.27529029
05,Östergötlands län,0563,Valdemarsvik,1,48.1,603340.560174299,6430506.89978256
05,Östergötlands län,0563,Valdemarsvik,1,48.1,599860.54453575,6427982.9661459
05,Östergötlands län,0563,Valdemarsvik,1,48.1,595322.687190129,6428651.6317965
05,Östergötlands län,0563,Valdemarsvik,1,48.1,592034.671234977,6440861.26719825
05,Östergötlands län,0563,Valdemarsvik,1,48.1,588419.325143347,6442641.60133763
05,Östergötlands län,0563,Valdemarsvik,1,48.1,586622.254260227,6439005.06918326
05,Östergötlands län,0563,Valdemarsvik,1,48.1,580739.58869308,6446384.79193997
05,Östergötlands län,0563,Valdemarsvik,1,48.1,580938.886396284,6449449.35680671
05,Östergötlands län,0563,Valdemarsvik,1,48.1,583623.440528851,6450179.27616739
05,Östergötlands län,0563,Valdemarsvik,1,48.1,584119.5589677,6454755.00416652
05,Östergötlands län,0563,Valdemarsvik,1,48.1,575896.89924734,6458419.59300002
05,Östergötlands län,0563,Valdemarsvik,1,48.1,575004.633593255,6463138.6093649
05,Östergötlands län,0563,Valdemarsvik,1,48.1,572203.686382124,6465035.52786771
05,Östergötlands län,0563,Valdemarsvik,1,48.1,574333.138823048,6468036.21755734
05,Östergötlands län,0563,Valdemarsvik,1,48.1,572321.215310775,6471664.10262007
05,Östergötlands län,0580,Linköping,1,49.1,547884.348648362,6458893.06398022
05,Östergötlands län,0580,Linköping,1,49.1,548090.901246762,6455249.6494244
05,Östergötlands län,0580,Linköping,1,49.1,547274.255020497,6452650.67081383
05,Östergötlands län,0580,Linköping,1,49.1,541427.530040492,6451108.19613134
05,Östergötlands län,0580,Linköping,1,49.1,538065.76610265,6447833.00813017
05,Östergötlands län,0580,Linköping,1,49.1,535682.920775615,6449889.84731514
05,Östergötlands län,0580,Linköping,1,49.1,531847.991123677,6451492.45036111
05,Östergötlands län,0580,Linköping,1,49.1,531748.242224513,6446875.76215282
05,Östergötlands län,0580,Linköping,1,49.1,529532.363139906,6443079.50225517
05,Östergötlands län,0580,Linköping,1,49.1,529803.667433351,6440034.74166793
05,Östergötlands län,0580,Linköping,1,49.1,526946.348348352,6437713.36399552
05,Östergötlands län,0580,Linköping,1,49.1,525313.050932151,6439290.31974446
05,Östergötlands län,0580,Linköping,1,49.1,522082.207517301,6436605.61508802
05,Östergötlands län,0580,Linköping,1,49.1,519016.232319065,6438531.32648763
05,Östergötlands län,0580,Linköping,1,49.1,519849.528956641,6440658.56449079
05,Östergötlands län,0580,Linköping,1,49.1,516281.348705323,6441026.78424326
05,Östergötlands län,0580,Linköping,1,49.1,515744.798775615,6444099.31817183
05,Östergötlands län,0580,Linköping,1,49.1,521418.341295749,6447738.92341097
05,Östergötlands län,0580,Linköping,1,49.1,520384.490870132,6456697.53633937
05,Östergötlands län,0580,Linköping,1,49.1,519333.627743824,6463646.59503063
05,Östergötlands län,0580,Linköping,1,49.1,520868.447775854,6466706.94918741
05,Östergötlands län,0580,Linköping,1,49.1,518399.18284721,6467966.93219797
05,Östergötlands län,0580,Linköping,1,49.1,519468.089661265,6472282.27845802
05,Östergötlands län,0580,Linköping,1,49.1,514817.866506578,6473768.01592551
05,Östergötlands län,0580,Linköping,1,49.1,516770.600485304,6476986.33471551
05,Östergötlands län,0580,Linköping,1,49.1,521166.262946726,6480557.84834561
05,Östergötlands län,0580,Linköping,1,49.1,520310.475500679,6498550.50943812
05,Östergötlands län,0580,Linköping,1,49.1,522084.540710314,6501988.68297987
05,Östergötlands län,0580,Linköping,1,49.1,525217.976766599,6499453.19812631
05,Östergötlands län,0580,Linköping,1,49.1,527806.215200178,6500526.95639662
05,Östergötlands län,0580,Linköping,1,49.1,529950.940763175,6500574.72588279
05,Östergötlands län,0580,Linköping,1,49.1,530838.60877778,6497666.34294358
05,Östergötlands län,0580,Linköping,1,49.1,533914.564087545,6500166.50751355
05,Östergötlands län,0580,Linköping,1,49.1,535307.866100726,6497608.0749229
05,Östergötlands län,0580,Linköping,1,49.1,539616.078442964,6491733.70568245
05,Östergötlands län,0580,Linköping,1,49.1,543227.595174213,6491763.07454806
05,Östergötlands län,0580,Linköping,1,49.1,543809.031015935,6487881.26033704
05,Östergötlands län,0580,Linköping,1,49.1,553040.307392831,6486124.62536516
05,Östergötlands län,0580,Linköping,1,49.1,552496.445544361,6482961.04665769
05,Östergötlands län,0580,Linköping,1,49.1,556267.698866199,6480762.95461707
05,Östergötlands län,0580,Linköping,1,49.1,554776.10183434,6478098.854675
05,Östergötlands län,0580,Linköping,1,49.1,558385.428847358,6475647.86653909
05,Östergötlands län,0580,Linköping,1,49.1,560115.954856982,6473727.18417165
05,Östergötlands län,0580,Linköping,1,49.1,561243.980280695,6471195.44707969
05,Östergötlands län,0580,Linköping,1,49.1,555332.093449443,6466574.95306966
05,Östergötlands län,0580,Linköping,1,49.1,551827.590449685,6467538.66722994
05,Östergötlands län,0580,Linköping,1,49.1,546397.565418778,6463672.79181972
05,Östergötlands län,0580,Linköping,1,49.1,545678.042427472,6460729.07994111
05,Östergötlands län,0580,Linköping,1,49.1,547884.348648362,6458893.06398022
01,Stockholms län,0125,Ekerö,1,5.1,658554.139584887,6579663.53238643
01,Stockholms län,0125,Ekerö,1,5.1,658768.980998022,6578765.29887665
01,Stockholms län,0125,Ekerö,1,5.1,658316.479969286,6577904.97067973
01,Stockholms län,0125,Ekerö,1,5.1,657164.179634463,6577534.08338749
01,Stockholms län,0125,Ekerö,1,5.1,655576.459349719,6577947.78838724
01,Stockholms län,0125,Ekerö,1,5.1,654771.639562955,6579183.81108238
01,Stockholms län,0125,Ekerö,1,5.1,654368.815586011,6579670.8445559
01,Stockholms län,0125,Ekerö,1,5.1,653443.422941512,6579634.64109074
01,Stockholms län,0125,Ekerö,1,5.1,652347.767373105,6581357.04734868
01,Stockholms län,0125,Ekerö,1,5.1,650850.38483975,6583640.47475674
01,Stockholms län,0125,Ekerö,1,5.1,649760.655220251,6586110.80467137
01,Stockholms län,0125,Ekerö,1,5.1,649332.965208744,6587907.28347476
01,Stockholms län,0125,Ekerö,1,5.1,647730.5279468,6590938.27858777
01,Stockholms län,0125,Ekerö,1,5.1,647519.041991787,6592136.47642297
01,Stockholms län,0125,Ekerö,1,5.1,647302.284016866,6592696.74820759
01,Stockholms län,0125,Ekerö,1,5.1,647379.189233324,6593033.61456822
01,Stockholms län,0125,Ekerö,1,5.1,648161.607792109,6593481.01421867
01,Stockholms län,0125,Ekerö,1,5.1,649041.702412327,6592469.88284194
01,Stockholms län,0125,Ekerö,1,5.1,649889.085493252,6592095.22642315
01,Stockholms län,0125,Ekerö,1,5.1,651061.676788523,6590708.70647101
01,Stockholms län,0125,Ekerö,1,5.1,652019.768529027,6590108.43263378
01,Stockholms län,0125,Ekerö,1,5.1,652653.211523841,6590557.02600654
01,Stockholms län,0125,Ekerö,1,5.1,653723.479479961,6590106.08583771
01,Stockholms län,0125,Ekerö,1,5.1,654971.796242572,6588906.44675533
01,Stockholms län,0125,Ekerö,1,5.1,654672.454867489,6588608.8678851
01,Stockholms län,0125,Ekerö,1,5.1,654043.571417714,6588609.24534699
01,Stockholms län,0125,Ekerö,1,5.1,653484.74266892,6588273.53563985
01,Stockholms län,0125,Ekerö,1,5.1,653404.913532328,6587600.69563556
01,Stockholms län,0125,Ekerö,1,5.1,654095.02335173,6586178.32111839
01,Stockholms län,0125,Ekerö,1,5.1,654685.094783686,6585915.5175767
01,Stockholms län,0125,Ekerö,1,5.1,655132.396679418,6586213.88847088
01,Stockholms län,0125,Ekerö,1,5.1,655065.350427812,6586961.93231931
01,Stockholms län,0125,Ekerö,1,5.1,655291.227710886,6587298.61661106
01,Stockholms län,0125,Ekerö,1,5.1,656904.36455154,6585612.46922479
01,Stockholms län,0125,Ekerö,1,5.1,657084.681021789,6585088.75457359
01,Stockholms län,0125,Ekerö,1,5.1,657742.804949491,6584077.90541703
01,Stockholms län,0125,Ekerö,1,5.1,658100.427159445,6582618.50693303
01,Stockholms län,0125,Ekerö,1,5.1,658012.008565222,6581085.71159122
01,Stockholms län,0125,Ekerö,1,5.1,657930.450695164,6580224.87565807
01,Stockholms län,0125,Ekerö,1,5.1,658554.139584887,6579663.53238643
01,Stockholms län,0125,Ekerö,2,5.2,648514.497191704,6583420.2187327
01,Stockholms län,0125,Ekerö,2,5.2,647735.9820477,6583309.80899765
01,Stockholms län,0125,Ekerö,2,5.2,647074.312421509,6583870.68287586
01,Stockholms län,0125,Ekerö,2,5.2,646094.368353051,6586192.35860995
01,Stockholms län,0125,Ekerö,2,5.2,645612.822236889,6586080.5455197
01,Stockholms län,0125,Ekerö,2,5.2,645054.734103569,6585931.80910347
01,Stockholms län,0125,Ekerö,2,5.2,644465.845283008,6586344.59766471
01,Stockholms län,0125,Ekerö,2,5.2,644250.81356785,6587092.83912391
01,Stockholms län,0125,Ekerö,2,5.2,643927.640506243,6588102.73052701
01,Stockholms län,0125,Ekerö,2,5.2,643715.064409062,6589225.92912548
01,Stockholms län,0125,Ekerö,2,5.2,644574.497176688,6590084.18178696
01,Stockholms län,0125,Ekerö,2,5.2,645392.719690997,6590382.03783181
01,Stockholms län,0125,Ekerö,2,5.2,646395.47361225,6590716.12755847
01,Stockholms län,0125,Ekerö,2,5.2,647099.358855373,6590714.67085638
01,Stockholms län,0125,Ekerö,2,5.2,649846.629252675,6583305.37917768
01,Stockholms län,0125,Ekerö,2,5.2,650993.176107073,6579115.06071132
01,Stockholms län,0125,Ekerö,2,5.2,652584.61943848,6578888.37597055
01,Stockholms län,0125,Ekerö,2,5.2,653686.765863503,6577950.89632701
01,Stockholms län,0125,Ekerö,2,5.2,655751.017639769,6576825.10158651
01,Stockholms län,0125,Ekerö,2,5.2,657152.488250934,6576187.19107712
01,Stockholms län,0125,Ekerö,2,5.2,657928.168546673,6576036.60638815
01,Stockholms län,0125,Ekerö,2,5.2,659304.703248157,6576633.16579822
01,Stockholms län,0125,Ekerö,2,5.2,660007.950915948,6576519.70077283
01,Stockholms län,0125,Ekerö,2,5.2,659966.939793082,6576108.28241511
01,Stockholms län,0125,Ekerö,2,5.2,661736.628874694,6575281.85264356
01,Stockholms län,0125,Ekerö,2,5.2,661989.096219871,6574496.05007182
01,Stockholms län,0125,Ekerö,2,5.2,661801.199181053,6574159.83606984
01,Stockholms län,0125,Ekerö,2,5.2,660313.573093712,6573489.94084915
01,Stockholms län,0125,Ekerö,2,5.2,658649.772906237,6573828.74064989
01,Stockholms län,0125,Ekerö,2,5.2,658171.424130415,6574277.86808803
01,Stockholms län,0125,Ekerö,2,5.2,657469.713727039,6574429.34966178
01,Stockholms län,0125,Ekerö,2,5.2,655357.413769368,6574320.80136236
01,Stockholms län,0125,Ekerö,2,5.2,652929.081733137,6576120.06617193
01,Stockholms län,0125,Ekerö,2,5.2,650753.219141775,6577133.52932198
01,Stockholms län,0125,Ekerö,2,5.2,649832.577578878,6577696.27381217
01,Stockholms län,0125,Ekerö,2,5.2,649467.385204758,6578295.73921453
01,Stockholms län,0125,Ekerö,2,5.2,649326.99618975,6579155.87909372
01,Stockholms län,0125,Ekerö,2,5.2,649519.459055113,6579940.05778398
01,Stockholms län,0125,Ekerö,2,5.2,649237.479752984,6581511.34787597
01,Stockholms län,0125,Ekerö,2,5.2,648499.422316093,6581775.35014296
01,Stockholms län,0125,Ekerö,2,5.2,648802.950306255,6582634.86610541
01,Stockholms län,0125,Ekerö,2,5.2,648514.497191704,6583420.2187327
01,Stockholms län,0125,Ekerö,3,5.3,641341.43205204,6584779.04451181
01,Stockholms län,0125,Ekerö,3,5.3,640275.846692761,6585752.93162811
01,Stockholms län,0125,Ekerö,3,5.3,640132.432514163,6586202.10207089
01,Stockholms län,0125,Ekerö,3,5.3,640248.154926299,6586800.38547775
01,Stockholms län,0125,Ekerö,3,5.3,640256.189008258,6587622.31819763
01,Stockholms län,0125,Ekerö,3,5.3,640149.403088543,6588183.90928601
01,Stockholms län,0125,Ekerö,3,5.3,640231.412513659,6589006.73845401
01,Stockholms län,0125,Ekerö,3,5.3,641384.946713185,6589603.60234084
01,Stockholms län,0125,Ekerö,3,5.3,642161.083699467,6589415.05166628
01,Stockholms län,0125,Ekerö,3,5.3,642413.007973286,6588592.26810575
01,Stockholms län,0125,Ekerö,3,5.3,643146.398815006,6587805.31521652
01,Stockholms län,0125,Ekerö,3,5.3,643977.355671742,6585484.84354896
01,Stockholms län,0125,Ekerö,3,5.3,644453.617326921,6584960.72227385
01,Stockholms län,0125,Ekerö,3,5.3,644594.471249379,6584062.59791754
01,Stockholms län,0125,Ekerö,3,5.3,644253.68839048,6583389.60362711
01,Stockholms län,0125,Ekerö,3,5.3,644099.875356009,6582716.87474861
01,Stockholms län,0125,Ekerö,3,5.3,644421.205632652,6581446.01759033
01,Stockholms län,0125,Ekerö,3,5.3,643933.896590236,6580736.25380278
01,Stockholms län,0125,Ekerö,3,5.3,643268.121886451,6580811.17180539
01,Stockholms län,0125,Ekerö,3,5.3,642312.95767044,6581748.41745311
01,Stockholms län,0125,Ekerö,3,5.3,641694.023274622,6582908.68880823
01,Stockholms län,0125,Ekerö,3,5.3,641851.773213362,6583917.39552178
01,Stockholms län,0125,Ekerö,3,5.3,641341.43205204,6584779.04451181
01,Stockholms län,0125,Ekerö,4,5.4,664417.724116469,6580850.35069917
01,Stockholms län,0125,Ekerö,4,5.4,664484.774557668,6580102.28849632
01,Stockholms län,0125,Ekerö,4,5.4,664148.905920097,6579766.2802988
01,Stockholms län,0125,Ekerö,4,5.4,664014.280424088,6579241.73617046
01,Stockholms län,0125,Ekerö,4,5.4,663763.451913825,6578157.89453198
01,Stockholms län,0125,Ekerö,4,5.4,662865.990241101,6577300.17386416
01,Stockholms län,0125,Ekerö,4,5.4,662054.412135833,6577525.30679789
01,Stockholms län,0125,Ekerö,4,5.4,661285.940162085,6578648.79923537
01,Stockholms län,0125,Ekerö,4,5.4,659746.977826635,6580484.83205917
01,Stockholms län,0125,Ekerö,4,5.4,659605.859597325,6581157.01017959
01,Stockholms län,0125,Ekerö,4,5.4,660023.205432124,6582277.86119852
01,Stockholms län,0125,Ekerö,4,5.4,660360.794043319,6582801.86218908
01,Stockholms län,0125,Ekerö,4,5.4,661547.890590105,6583024.2027661
01,Stockholms län,0125,Ekerö,4,5.4,662396.752015384,6582610.55366299
01,Stockholms län,0125,Ekerö,4,5.4,663235.828179988,6581188.97517291
01,Stockholms län,0125,Ekerö,4,5.4,663787.188252893,6580738.73342731
01,Stockholms län,0125,Ekerö,4,5.4,664417.724116469,6580850.35069917
05,Östergötlands län,0581,Norrköping,1,50.1,537650.885814459,6503201.45535674
05,Östergötlands län,0581,Norrköping,1,50.1,543180.410937559,6502431.18325828
05,Östergötlands län,0581,Norrköping,1,50.1,549110.116095793,6499808.27664629
05,Östergötlands län,0581,Norrköping,1,50.1,553363.19989374,6498363.83512792
05,Östergötlands län,0581,Norrköping,1,50.1,555355.341258741,6503792.1688912
05,Östergötlands län,0581,Norrköping,1,50.1,557178.449668291,6505817.49616941
05,Östergötlands län,0581,Norrköping,1,50.1,556622.310243612,6508087.13158214
05,Östergötlands län,0581,Norrköping,1,50.1,557777.450013836,6513199.53077702
05,Östergötlands län,0581,Norrköping,1,50.1,561422.638528218,6517249.22243643
05,Östergötlands län,0581,Norrköping,1,50.1,562074.367730168,6521407.87258205
05,Östergötlands län,0581,Norrköping,1,50.1,567314.524970893,6524757.04408786
05,Östergötlands län,0581,Norrköping,1,50.1,570766.494553986,6523931.8626864
05,Östergötlands län,0581,Norrköping,1,50.1,572328.047322534,6521691.304225
05,Östergötlands län,0581,Norrköping,1,50.1,579326.145129558,6508565.13417046
05,Östergötlands län,0581,Norrköping,1,50.1,589522.420690846,6508318.86056649
05,Östergötlands län,0581,Norrköping,1,50.1,597852.406827667,6505650.72580772
05,Östergötlands län,0581,Norrköping,1,50.1,601499.098896215,6500445.85514576
05,Östergötlands län,0581,Norrköping,1,50.1,597710.751337791,6500635.2684509
05,Östergötlands län,0581,Norrköping,1,50.1,591607.892921029,6501666.64585886
05,Östergötlands län,0581,Norrköping,1,50.1,583786.143495133,6503478.13392333
05,Östergötlands län,0581,Norrköping,1,50.1,579778.092398658,6503487.93146011
05,Östergötlands län,0581,Norrköping,1,50.1,573851.933888626,6504300.45385129
05,Östergötlands län,0581,Norrköping,1,50.1,571611.805088705,6502117.1182403
05,Östergötlands län,0581,Norrköping,1,50.1,571597.744649225,6498296.01560921
05,Östergötlands län,0581,Norrköping,1,50.1,573515.847948931,6497494.28927114
05,Östergötlands län,0581,Norrköping,1,50.1,578135.294118403,6499432.28043127
05,Östergötlands län,0581,Norrköping,1,50.1,581337.492993533,6495682.76779906
05,Östergötlands län,0581,Norrköping,1,50.1,582493.743396404,6500795.29824838
05,Östergötlands län,0581,Norrköping,1,50.1,591258.482924381,6500293.79904574
05,Östergötlands län,0581,Norrköping,1,50.1,599482.459717507,6496629.55841125
05,Östergötlands län,0581,Norrköping,1,50.1,606343.465712037,6491496.23186363
05,Östergötlands län,0581,Norrköping,1,50.1,610868.314188665,6487006.61650526
05,Östergötlands län,0581,Norrköping,1,50.1,606699.474600588,6479992.23992216
05,Östergötlands län,0581,Norrköping,1,50.1,600428.455774181,6477619.58856715
05,Östergötlands län,0581,Norrköping,1,50.1,594128.398895707,6478671.75214628
05,Östergötlands län,0581,Norrköping,1,50.1,591345.470181818,6478891.31387548
05,Östergötlands län,0581,Norrköping,1,50.1,581608.126741272,6483382.2988368
05,Östergötlands län,0581,Norrköping,1,50.1,576872.135785992,6484071.27661563
05,Östergötlands län,0581,Norrköping,1,50.1,575851.105265084,6487596.06075512
05,Östergötlands län,0581,Norrköping,1,50.1,566093.579822819,6488199.73898763
05,Östergötlands län,0581,Norrköping,1,50.1,562047.144282129,6486000.78565201
05,Östergötlands län,0581,Norrköping,1,50.1,562520.535610183,6481123.87940585
05,Östergötlands län,0581,Norrköping,1,50.1,559991.0446961,6479975.8576863
05,Östergötlands län,0581,Norrköping,1,50.1,558385.428847358,6475647.86653909
05,Östergötlands län,0581,Norrköping,1,50.1,554776.10183434,6478098.854675
05,Östergötlands län,0581,Norrköping,1,50.1,556267.698866199,6480762.95461707
05,Östergötlands län,0581,Norrköping,1,50.1,552496.445544361,6482961.04665769
05,Östergötlands län,0581,Norrköping,1,50.1,553040.307392831,6486124.62536516
05,Östergötlands län,0581,Norrköping,1,50.1,543809.031015935,6487881.26033704
05,Östergötlands län,0581,Norrköping,1,50.1,543227.595174213,6491763.07454806
05,Östergötlands län,0581,Norrköping,1,50.1,539616.078442964,6491733.70568245
05,Östergötlands län,0581,Norrköping,1,50.1,535307.866100726,6497608.0749229
05,Östergötlands län,0581,Norrköping,1,50.1,537650.885814459,6503201.45535674
05,Östergötlands län,0582,Söderköping,1,51.1,605863.475242938,6470419.49798305
05,Östergötlands län,0582,Söderköping,1,51.1,610299.071896304,6466944.47498186
05,Östergötlands län,0582,Söderköping,1,51.1,608328.166931911,6461716.09693406
05,Östergötlands län,0582,Söderköping,1,51.1,598606.262319172,6459566.19176123
05,Östergötlands län,0582,Söderköping,1,51.1,593872.758543309,6465217.08425513
05,Östergötlands län,0582,Söderköping,1,51.1,590788.083568755,6466340.84011155
05,Östergötlands län,0582,Söderköping,1,51.1,587034.611377299,6470549.77444688
05,Östergötlands län,0582,Söderköping,1,51.1,584788.667587652,6470176.95189163
05,Östergötlands län,0582,Söderköping,1,51.1,572932.681575194,6473612.88929596
05,Östergötlands län,0582,Söderköping,1,51.1,572321.215310775,6471664.10262007
05,Östergötlands län,0582,Söderköping,1,51.1,574333.138823048,6468036.21755734
05,Östergötlands län,0582,Söderköping,1,51.1,572203.686382124,6465035.52786771
05,Östergötlands län,0582,Söderköping,1,51.1,569958.752257656,6464664.73763726
05,Östergötlands län,0582,Söderköping,1,51.1,565919.756253966,6468098.38042693
05,Östergötlands län,0582,Söderköping,1,51.1,562994.854008577,6466991.64650988
05,Östergötlands län,0582,Söderköping,1,51.1,561243.980280695,6471195.44707969
05,Östergötlands län,0582,Söderköping,1,51.1,560115.954856982,6473727.18417165
05,Östergötlands län,0582,Söderköping,1,51.1,558385.428847358,6475647.86653909
05,Östergötlands län,0582,Söderköping,1,51.1,559991.0446961,6479975.8576863
05,Östergötlands län,0582,Söderköping,1,51.1,562520.535610183,6481123.87940585
05,Östergötlands län,0582,Söderköping,1,51.1,562047.144282129,6486000.78565201
05,Östergötlands län,0582,Söderköping,1,51.1,566093.579822819,6488199.73898763
05,Östergötlands län,0582,Söderköping,1,51.1,575851.105265084,6487596.06075512
05,Östergötlands län,0582,Söderköping,1,51.1,576872.135785992,6484071.27661563
05,Östergötlands län,0582,Söderköping,1,51.1,581608.126741272,6483382.2988368
05,Östergötlands län,0582,Söderköping,1,51.1,591345.470181818,6478891.31387548
05,Östergötlands län,0582,Söderköping,1,51.1,593252.915807891,6476145.89474756
05,Östergötlands län,0582,Söderköping,1,51.1,598696.336917665,6474579.56517017
05,Östergötlands län,0582,Söderköping,1,51.1,600291.333391125,6470793.6140419
05,Östergötlands län,0582,Söderköping,1,51.1,605863.475242938,6470419.49798305
05,Östergötlands län,0583,Motala,1,52.1,504956.629939733,6518261.97278634
05,Östergötlands län,0583,Motala,1,52.1,507750.060875304,6521797.37091693
05,Östergötlands län,0583,Motala,1,52.1,510779.913467894,6521887.84304829
05,Östergötlands län,0583,Motala,1,52.1,514256.247416462,6526159.24489352
05,Östergötlands län,0583,Motala,1,52.1,519564.424449187,6523090.25284077
05,Östergötlands län,0583,Motala,1,52.1,522334.310150555,6524516.14584895
05,Östergötlands län,0583,Motala,1,52.1,524204.439315613,6521299.75102951
05,Östergötlands län,0583,Motala,1,52.1,523563.266029204,6519338.68372594
05,Östergötlands län,0583,Motala,1,52.1,525912.644061363,6513262.98334678
05,Östergötlands län,0583,Motala,1,52.1,527964.043354742,6511844.13671702
05,Östergötlands län,0583,Motala,1,52.1,526989.29092937,6504701.75817268
05,Östergötlands län,0583,Motala,1,52.1,527806.215200178,6500526.95639662
05,Östergötlands län,0583,Motala,1,52.1,525217.976766599,6499453.19812631
05,Östergötlands län,0583,Motala,1,52.1,522084.540710314,6501988.68297987
05,Östergötlands län,0583,Motala,1,52.1,520310.475500679,6498550.50943812
05,Östergötlands län,0583,Motala,1,52.1,521166.262946726,6480557.84834561
05,Östergötlands län,0583,Motala,1,52.1,516770.600485304,6476986.33471551
05,Östergötlands län,0583,Motala,1,52.1,513577.150014136,6477114.97964352
05,Östergötlands län,0583,Motala,1,52.1,514366.138994105,6478843.84507219
05,Östergötlands län,0583,Motala,1,52.1,506811.854170836,6479421.01891614
05,Östergötlands län,0583,Motala,1,52.1,505979.663304638,6477293.78669809
05,Östergötlands län,0583,Motala,1,52.1,503976.322034212,6477298.75645218
05,Östergötlands län,0583,Motala,1,52.1,499468.956180712,6474545.68327873
05,Östergötlands län,0583,Motala,1,52.1,498779.335871668,6478370.02444512
05,Östergötlands län,0583,Motala,1,52.1,499208.285285364,6483361.3605379
05,Östergötlands län,0583,Motala,1,52.1,497745.435524475,6486391.70171546
05,Östergötlands län,0583,Motala,1,52.1,501395.247759229,6488629.71540221
05,Östergötlands län,0583,Motala,1,52.1,499387.156522984,6490445.95186517
05,Östergötlands län,0583,Motala,1,52.1,495862.232636855,6491212.3337688
05,Östergötlands län,0583,Motala,1,52.1,491802.872332095,6494446.36743213
05,Östergötlands län,0583,Motala,1,52.1,495733.43914104,6499271.84035117
05,Östergötlands län,0583,Motala,1,52.1,496488.704692872,6506544.26035431
05,Östergötlands län,0583,Motala,1,52.1,501629.368270307,6509742.96063702
05,Östergötlands län,0583,Motala,1,52.1,502873.562611545,6513844.46764949
05,Östergötlands län,0583,Motala,1,52.1,504956.629939733,6518261.97278634
05,Östergötlands län,0584,Vadstena,1,53.1,498779.335871668,6478370.02444512
05,Östergötlands län,0584,Vadstena,1,53.1,499468.956180712,6474545.68327873
05,Östergötlands län,0584,Vadstena,1,53.1,497443.018873637,6474351.45354671
05,Östergötlands län,0584,Vadstena,1,53.1,497912.604582011,6471286.19688838
05,Östergötlands län,0584,Vadstena,1,53.1,494598.021626407,6466597.18515878
05,Östergötlands län,0584,Vadstena,1,53.1,490831.767437119,6466984.90541776
05,Östergötlands län,0584,Vadstena,1,53.1,487944.617892494,6468088.8990016105
05,Östergötlands län,0584,Vadstena,1,53.1,481342.908312949,6466354.43771022
05,Östergötlands län,0584,Vadstena,1,53.1,479284.491379733,6467706.24745314
05,Östergötlands län,0584,Vadstena,1,53.1,480097.554265031,6471512.53391147
05,Östergötlands län,0584,Vadstena,1,53.1,486712.426837077,6477066.74902315
05,Östergötlands län,0584,Vadstena,1,53.1,486903.139752751,6480668.67968692
05,Östergötlands län,0584,Vadstena,1,53.1,489432.428058475,6481815.59815179
05,Östergötlands län,0584,Vadstena,1,53.1,491948.577498902,6479141.79343278
05,Östergötlands län,0584,Vadstena,1,53.1,495534.553464638,6480784.21292007
05,Östergötlands län,0584,Vadstena,1,53.1,497745.435524475,6486391.70171546
05,Östergötlands län,0584,Vadstena,1,53.1,499208.285285364,6483361.3605379
05,Östergötlands län,0584,Vadstena,1,53.1,498779.335871668,6478370.02444512
05,Östergötlands län,0586,Mjölby,1,54.1,512305.154102264,6456122.01506585
05,Östergötlands län,0586,Mjölby,1,54.1,503397.529195511,6460862.68234558
05,Östergötlands län,0586,Mjölby,1,54.1,501131.175494142,6460291.74855041
05,Östergötlands län,0586,Mjölby,1,54.1,499057.31856656,6461511.46642285
05,Östergötlands län,0586,Mjölby,1,54.1,497300.066038912,6460082.93975738
05,Östergötlands län,0586,Mjölby,1,54.1,494218.442443409,6459394.29284127
05,Östergötlands län,0586,Mjölby,1,54.1,492477.05659315,6456891.36434784
05,Östergötlands län,0586,Mjölby,1,54.1,490823.235205367,6461353.90676691
05,Östergötlands län,0586,Mjölby,1,54.1,490831.767437119,6466984.90541776
05,Östergötlands län,0586,Mjölby,1,54.1,494598.021626407,6466597.18515878
05,Östergötlands län,0586,Mjölby,1,54.1,497912.604582011,6471286.19688838
05,Östergötlands län,0586,Mjölby,1,54.1,497443.018873637,6474351.45354671
05,Östergötlands län,0586,Mjölby,1,54.1,499468.956180712,6474545.68327873
05,Östergötlands län,0586,Mjölby,1,54.1,503976.322034212,6477298.75645218
05,Östergötlands län,0586,Mjölby,1,54.1,505979.663304638,6477293.78669809
05,Östergötlands län,0586,Mjölby,1,54.1,506811.854170836,6479421.01891614
05,Östergötlands län,0586,Mjölby,1,54.1,514366.138994105,6478843.84507219
05,Östergötlands län,0586,Mjölby,1,54.1,513577.150014136,6477114.97964352
05,Östergötlands län,0586,Mjölby,1,54.1,516770.600485304,6476986.33471551
05,Östergötlands län,0586,Mjölby,1,54.1,514817.866506578,6473768.01592551
05,Östergötlands län,0586,Mjölby,1,54.1,519468.089661265,6472282.27845802
05,Östergötlands län,0586,Mjölby,1,54.1,518399.18284721,6467966.93219797
05,Östergötlands län,0586,Mjölby,1,54.1,520868.447775854,6466706.94918741
05,Östergötlands län,0586,Mjölby,1,54.1,519333.627743824,6463646.59503063
05,Östergötlands län,0586,Mjölby,1,54.1,520384.490870132,6456697.53633937
05,Östergötlands län,0586,Mjölby,1,54.1,521418.341295749,6447738.92341097
05,Östergötlands län,0586,Mjölby,1,54.1,515744.798775615,6444099.31817183
05,Östergötlands län,0586,Mjölby,1,54.1,513540.815477731,6445332.53660466
05,Östergötlands län,0586,Mjölby,1,54.1,513820.781729105,6447918.99092953
05,Östergötlands län,0586,Mjölby,1,54.1,512305.154102264,6456122.01506585
06,Jönköpings län,0604,Aneby,1,55.1,497667.67412201,6401233.83335727
06,Jönköpings län,0604,Aneby,1,55.1,496647.316835302,6407844.25434517
06,Jönköpings län,0604,Aneby,1,55.1,493320.650878608,6408590.34843246
06,Jönköpings län,0604,Aneby,1,55.1,489868.857311771,6406331.06503974
06,Jönköpings län,0604,Aneby,1,55.1,488412.235797754,6407688.19849979
06,Jönköpings län,0604,Aneby,1,55.1,485154.050271465,6407219.54931092
06,Jönköpings län,0604,Aneby,1,55.1,483132.698221132,6405215.23420098
06,Jönköpings län,0604,Aneby,1,55.1,478741.744653116,6402918.82798626
06,Jönköpings län,0604,Aneby,1,55.1,476507.41706119,6414348.75390497
06,Jönköpings län,0604,Aneby,1,55.1,472917.815101156,6414516.88659978
06,Jönköpings län,0604,Aneby,1,55.1,470190.337422947,6413389.81064564
06,Jönköpings län,0604,Aneby,1,55.1,469142.492523152,6418527.26895573
06,Jönköpings län,0604,Aneby,1,55.1,470940.387071432,6422164.27090761
06,Jönköpings län,0604,Aneby,1,55.1,474943.329187172,6423964.32953176
06,Jönköpings län,0604,Aneby,1,55.1,475397.276845313,6428142.10927985
06,Jönköpings län,0604,Aneby,1,55.1,477744.054529801,6428837.86465418
06,Jönköpings län,0604,Aneby,1,55.1,479714.715188627,6427294.98594233
06,Jönköpings län,0604,Aneby,1,55.1,478774.357140776,6424171.97338457
06,Jönköpings län,0604,Aneby,1,55.1,485160.959111356,6423916.29190364
06,Jönköpings län,0604,Aneby,1,55.1,486595.98422882,6422360.00145767
06,Jönköpings län,0604,Aneby,1,55.1,491371.060464998,6423879.41641235
06,Jönköpings län,0604,Aneby,1,55.1,496084.914790148,6422990.99512713
06,Jönköpings län,0604,Aneby,1,55.1,498987.634176932,6421417.19667561
06,Jönköpings län,0604,Aneby,1,55.1,500259.320486571,6417128.92446113
06,Jönköpings län,0604,Aneby,1,55.1,504521.199726914,6412061.56312908
06,Jönköpings län,0604,Aneby,1,55.1,503823.156385615,6409317.22241179
06,Jönköpings län,0604,Aneby,1,55.1,505953.281846892,6401855.27182341
06,Jönköpings län,0604,Aneby,1,55.1,500869.422677853,6400569.1967421
06,Jönköpings län,0604,Aneby,1,55.1,497667.67412201,6401233.83335727
06,Jönköpings län,0617,Gnosjö,1,56.1,420185.246863689,6353372.09354199
06,Jönköpings län,0617,Gnosjö,1,56.1,420155.685454965,6356794.17334219
06,Jönköpings län,0617,Gnosjö,1,56.1,417445.452594129,6357678.62623225
06,Jönköpings län,0617,Gnosjö,1,56.1,414296.681978346,6358204.03930457
06,Jönköpings län,0617,Gnosjö,1,56.1,415654.146561841,6361483.61317123
06,Jönköpings län,0617,Gnosjö,1,56.1,417823.355950508,6366690.94493707
06,Jönköpings län,0617,Gnosjö,1,56.1,420434.597083882,6370444.21563042
06,Jönköpings län,0617,Gnosjö,1,56.1,422946.679074614,6369582.42903599
06,Jönköpings län,0617,Gnosjö,1,56.1,425385.897901522,6371744.41234596
06,Jönköpings län,0617,Gnosjö,1,56.1,428207.807160403,6370044.68709327
06,Jönköpings län,0617,Gnosjö,1,56.1,430165.218296596,6371452.29614456
06,Jönköpings län,0617,Gnosjö,1,56.1,433924.125411022,6370393.40411441
06,Jönköpings län,0617,Gnosjö,1,56.1,433959.77756821,6367641.03968789
06,Jönköpings län,0617,Gnosjö,1,56.1,432757.196394756,6363943.41228564
06,Jönköpings län,0617,Gnosjö,1,56.1,435385.433580047,6360453.13495132
06,Jönköpings län,0617,Gnosjö,1,56.1,437939.823952667,6359988.63348006
06,Jönköpings län,0617,Gnosjö,1,56.1,440744.580237806,6356279.51136915
06,Jönköpings län,0617,Gnosjö,1,56.1,439981.524954554,6352937.92643071
06,Jönköpings län,0617,Gnosjö,1,56.1,443293.650571762,6351455.82109119
06,Jönköpings län,0617,Gnosjö,1,56.1,441354.880567374,6348974.92451139
06,Jönköpings län,0617,Gnosjö,1,56.1,438496.621253598,6346654.07345254
06,Jönköpings län,0617,Gnosjö,1,56.1,434598.415918321,6347660.45585357
06,Jönköpings län,0617,Gnosjö,1,56.1,433581.564691246,6349374.64729316
06,Jönköpings län,0617,Gnosjö,1,56.1,430215.395470125,6347911.42876229
06,Jönköpings län,0617,Gnosjö,1,56.1,430111.684076006,6345105.4575606
06,Jönköpings län,0617,Gnosjö,1,56.1,422417.936409809,6345631.09216864
06,Jönköpings län,0617,Gnosjö,1,56.1,422507.084921867,6348907.65043513
06,Jönköpings län,0617,Gnosjö,1,56.1,420185.246863689,6353372.09354199
06,Jönköpings län,0642,Mullsjö,1,57.1,431945.775297477,6417719.90946511
06,Jönköpings län,0642,Mullsjö,1,57.1,431987.393273253,6414731.73268324
06,Jönköpings län,0642,Mullsjö,1,57.1,430450.95615101,6411051.04306301
06,Jönköpings län,0642,Mullsjö,1,57.1,425274.106714713,6411987.91240497
06,Jönköpings län,0642,Mullsjö,1,57.1,425814.757992044,6416357.38565268
06,Jönköpings län,0642,Mullsjö,1,57.1,423540.598539652,6422491.48316841
06,Jönköpings län,0642,Mullsjö,1,57.1,423610.409717395,6427447.08053165
06,Jönköpings län,0642,Mullsjö,1,57.1,426597.095182368,6430961.16538612
06,Jönköpings län,0642,Mullsjö,1,57.1,427762.148331313,6434931.30632067
06,Jönköpings län,0642,Mullsjö,1,57.1,429074.772818194,6435331.81562756
06,Jönköpings län,0642,Mullsjö,1,57.1,431896.827470538,6433632.29016556
06,Jönköpings län,0642,Mullsjö,1,57.1,433634.377305727,6434861.51206033
06,Jönköpings län,0642,Mullsjö,1,57.1,438041.700537897,6432998.97927078
06,Jönköpings län,0642,Mullsjö,1,57.1,438542.531411742,6430232.16643216
06,Jönköpings län,0642,Mullsjö,1,57.1,436756.768461935,6429775.03098884
06,Jönköpings län,0642,Mullsjö,1,57.1,434821.679028663,6425749.69433022
06,Jönköpings län,0642,Mullsjö,1,57.1,435884.418311787,6420789.54676844
06,Jönköpings län,0642,Mullsjö,1,57.1,434930.735881412,6417780.49166467
06,Jönköpings län,0642,Mullsjö,1,57.1,431945.775297477,6417719.90946511
06,Jönköpings län,0643,Habo,1,58.1,431987.393273253,6414731.73268324
06,Jönköpings län,0643,Habo,1,58.1,431945.775297477,6417719.90946511
06,Jönköpings län,0643,Habo,1,58.1,434930.735881412,6417780.49166467
06,Jönköpings län,0643,Habo,1,58.1,435884.418311787,6420789.54676844
06,Jönköpings län,0643,Habo,1,58.1,434821.679028663,6425749.69433022
06,Jönköpings län,0643,Habo,1,58.1,436756.768461935,6429775.03098884
06,Jönköpings län,0643,Habo,1,58.1,438542.531411742,6430232.16643216
06,Jönköpings län,0643,Habo,1,58.1,444979.255138336,6432284.16341479
06,Jönköpings län,0643,Habo,1,58.1,445194.403562804,6434272.88547732
06,Jönköpings län,0643,Habo,1,58.1,447741.58366013,6437430.97878054
06,Jönköpings län,0643,Habo,1,58.1,447795.823103927,6445940.02616216
06,Jönköpings län,0643,Habo,1,58.1,453661.199076944,6445201.4893405
06,Jönköpings län,0643,Habo,1,58.1,452433.609103693,6436343.50964447
06,Jönköpings län,0643,Habo,1,58.1,450205.50651414,6428728.08761484
06,Jönköpings län,0643,Habo,1,58.1,447727.743465161,6424356.35156121
06,Jönköpings län,0643,Habo,1,58.1,447458.534261464,6416337.54444693
06,Jönköpings län,0643,Habo,1,58.1,445416.682381261,6414134.12644512
06,Jönköpings län,0643,Habo,1,58.1,443124.248731461,6415175.34563392
06,Jönköpings län,0643,Habo,1,58.1,440529.150007449,6413432.15591908
06,Jönköpings län,0643,Habo,1,58.1,440761.692188258,6408177.2016119
06,Jönköpings län,0643,Habo,1,58.1,438603.571901649,6408601.2968060505
06,Jönköpings län,0643,Habo,1,58.1,435884.066536121,6413105.91032845
06,Jönköpings län,0643,Habo,1,58.1,431987.393273253,6414731.73268324
06,Jönköpings län,0662,Gislaved,1,59.1,395137.906139473,6329404.92653069
06,Jönköpings län,0662,Gislaved,1,59.1,392669.211907154,6330666.1093279
06,Jönköpings län,0662,Gislaved,1,59.1,392103.242124997,6327304.08069453
06,Jönköpings län,0662,Gislaved,1,59.1,386565.440318476,6322445.03902125
06,Jönköpings län,0662,Gislaved,1,59.1,384274.363188035,6329654.32778443
06,Jönköpings län,0662,Gislaved,1,59.1,384120.996892184,6333157.74837877
06,Jönköpings län,0662,Gislaved,1,59.1,387050.379791348,6335536.21674363
06,Jönköpings län,0662,Gislaved,1,59.1,390008.317261841,6339388.30408594
06,Jönköpings län,0662,Gislaved,1,59.1,391207.495790401,6344896.77468847
06,Jönköpings län,0662,Gislaved,1,59.1,393072.879441299,6347318.68249412
06,Jönköpings län,0662,Gislaved,1,59.1,395761.374790194,6346237.05802363
06,Jönköpings län,0662,Gislaved,1,59.1,397171.941217218,6352460.73616332
06,Jönköpings län,0662,Gislaved,1,59.1,401756.832409358,6353463.60036638
06,Jönköpings län,0662,Gislaved,1,59.1,402787.36808127,6355569.80427705
06,Jönköpings län,0662,Gislaved,1,59.1,405471.446053884,6356298.2807796
06,Jönköpings län,0662,Gislaved,1,59.1,405553.493061627,6358905.01369378
06,Jönköpings län,0662,Gislaved,1,59.1,408962.794609998,6360766.56579454
06,Jönköpings län,0662,Gislaved,1,59.1,410385.129089986,6364642.6138105
06,Jönköpings län,0662,Gislaved,1,59.1,417384.912405323,6375587.62210258
06,Jönköpings län,0662,Gislaved,1,59.1,420198.784437157,6377509.17082787
06,Jönköpings län,0662,Gislaved,1,59.1,421138.257172769,6380630.91252684
06,Jönköpings län,0662,Gislaved,1,59.1,425120.426349411,6382231.5114195
06,Jönköpings län,0662,Gislaved,1,59.1,427589.284979302,6380971.42525697
06,Jönköpings län,0662,Gislaved,1,59.1,429823.645368255,6385567.92980866
06,Jönköpings län,0662,Gislaved,1,59.1,431876.768172477,6383546.24635027
06,Jönköpings län,0662,Gislaved,1,59.1,433574.662978796,6382565.85969798
06,Jönköpings län,0662,Gislaved,1,59.1,432854.970023561,6379622.60786867
06,Jönköpings län,0662,Gislaved,1,59.1,434469.849129521,6376037.38302344
06,Jönköpings län,0662,Gislaved,1,59.1,433924.125411022,6370393.40411441
06,Jönköpings län,0662,Gislaved,1,59.1,430165.218296596,6371452.29614456
06,Jönköpings län,0662,Gislaved,1,59.1,428207.807160403,6370044.68709327
06,Jönköpings län,0662,Gislaved,1,59.1,425385.897901522,6371744.41234596
06,Jönköpings län,0662,Gislaved,1,59.1,422946.679074614,6369582.42903599
06,Jönköpings län,0662,Gislaved,1,59.1,420434.597083882,6370444.21563042
06,Jönköpings län,0662,Gislaved,1,59.1,417823.355950508,6366690.94493707
06,Jönköpings län,0662,Gislaved,1,59.1,415654.146561841,6361483.61317123
06,Jönköpings län,0662,Gislaved,1,59.1,414296.681978346,6358204.03930457
06,Jönköpings län,0662,Gislaved,1,59.1,417445.452594129,6357678.62623225
06,Jönköpings län,0662,Gislaved,1,59.1,420155.685454965,6356794.17334219
06,Jönköpings län,0662,Gislaved,1,59.1,420185.246863689,6353372.09354199
06,Jönköpings län,0662,Gislaved,1,59.1,422507.084921867,6348907.65043513
06,Jönköpings län,0662,Gislaved,1,59.1,422417.936409809,6345631.09216864
06,Jönköpings län,0662,Gislaved,1,59.1,420400.212685082,6346107.97793847
06,Jönköpings län,0662,Gislaved,1,59.1,420304.360825584,6339680.7992535
06,Jönköpings län,0662,Gislaved,1,59.1,418436.889054253,6337258.81878789
06,Jönköpings län,0662,Gislaved,1,59.1,419806.741932967,6335105.01680239
06,Jönköpings län,0662,Gislaved,1,59.1,422490.878775394,6335834.4396677
06,Jönköpings län,0662,Gislaved,1,59.1,423817.446300848,6333284.29969197
06,Jönköpings län,0662,Gislaved,1,59.1,422524.764668561,6330601.23870593
06,Jönköpings län,0662,Gislaved,1,59.1,423995.188781598,6325687.86794035
06,Jönköpings län,0662,Gislaved,1,59.1,421416.400948725,6324077.13164334
06,Jönköpings län,0662,Gislaved,1,59.1,420073.899891278,6316638.69280554
06,Jönköpings län,0662,Gislaved,1,59.1,416166.483844339,6318181.83509553
06,Jönköpings län,0662,Gislaved,1,59.1,414550.870951189,6321768.07234909
06,Jönköpings län,0662,Gislaved,1,59.1,415598.735289174,6325884.53398912
06,Jönköpings län,0662,Gislaved,1,59.1,410726.162279549,6329002.46573932
06,Jönköpings län,0662,Gislaved,1,59.1,408877.915455204,6328589.80316473
06,Jönköpings län,0662,Gislaved,1,59.1,408254.005599097,6332073.76949799
06,Jönköpings län,0662,Gislaved,1,59.1,406693.878266813,6330626.00369436
06,Jönköpings län,0662,Gislaved,1,59.1,400592.607729186,6331657.34929784
06,Jönköpings län,0662,Gislaved,1,59.1,395137.906139473,6329404.92653069
01,Stockholms län,0126,Huddinge,1,6.1,674519.003288367,6571520.22311249
01,Stockholms län,0126,Huddinge,1,6.1,675880.665112648,6570620.83905095
01,Stockholms län,0126,Huddinge,1,6.1,676695.009557898,6570581.70627213
01,Stockholms län,0126,Huddinge,1,6.1,677438.105985942,6570729.67762399
01,Stockholms län,0126,Huddinge,1,6.1,677998.225536826,6571290.36512916
01,Stockholms län,0126,Huddinge,1,6.1,679480.03154614,6571287.29780552
01,Stockholms län,0126,Huddinge,1,6.1,680707.616616864,6570562.26401274
01,Stockholms län,0126,Huddinge,1,6.1,681440.195172745,6568191.50112667
01,Stockholms län,0126,Huddinge,1,6.1,677054.773201096,6565306.89648928
01,Stockholms län,0126,Huddinge,1,6.1,676862.933513125,6564634.6855765805
01,Stockholms län,0126,Huddinge,1,6.1,677482.420748536,6563511.35948912
01,Stockholms län,0126,Huddinge,1,6.1,676622.847809476,6562578.1034951
01,Stockholms län,0126,Huddinge,1,6.1,676803.146978832,6562054.37212172
01,Stockholms län,0126,Huddinge,1,6.1,676092.393009396,6561381.88813345
01,Stockholms län,0126,Huddinge,1,6.1,674682.753432087,6561122.88455061
01,Stockholms län,0126,Huddinge,1,6.1,673527.955658307,6560377.04038509
01,Stockholms län,0126,Huddinge,1,6.1,672382.414245397,6560603.15387803
01,Stockholms län,0126,Huddinge,1,6.1,671390.157604448,6561465.00941834
01,Stockholms län,0126,Huddinge,1,6.1,670330.938725492,6561828.14364316
01,Stockholms län,0126,Huddinge,1,6.1,669587.681979174,6562851.98347235
01,Stockholms län,0126,Huddinge,1,6.1,669201.337920552,6565283.90215541
01,Stockholms län,0126,Huddinge,1,6.1,668129.134385958,6565397.91464333
01,Stockholms län,0126,Huddinge,1,6.1,667180.372136432,6567045.16044981
01,Stockholms län,0126,Huddinge,1,6.1,666941.711511877,6569251.89644891
01,Stockholms län,0126,Huddinge,1,6.1,666501.885584546,6569739.49334695
01,Stockholms län,0126,Huddinge,1,6.1,665944.889977071,6569664.77028463
01,Stockholms län,0126,Huddinge,1,6.1,664387.947128683,6570838.71898858
01,Stockholms län,0126,Huddinge,1,6.1,664256.338740764,6574030.57595285
01,Stockholms län,0126,Huddinge,1,6.1,665207.04980928,6574041.08292969
01,Stockholms län,0126,Huddinge,1,6.1,665877.491594195,6574490.11966439
01,Stockholms län,0126,Huddinge,1,6.1,666625.787047964,6575199.05738862
01,Stockholms län,0126,Huddinge,1,6.1,667664.821862855,6575346.61341017
01,Stockholms län,0126,Huddinge,1,6.1,668437.038727836,6574822.05556919
01,Stockholms län,0126,Huddinge,1,6.1,669387.663753581,6573435.79719645
01,Stockholms län,0126,Huddinge,1,6.1,672270.927471383,6572795.80661964
01,Stockholms län,0126,Huddinge,1,6.1,673114.235429457,6571933.15061237
01,Stockholms län,0126,Huddinge,1,6.1,674519.003288367,6571520.22311249
06,Jönköpings län,0665,Vaggeryd,1,60.1,444593.436553555,6388068.4783324
06,Jönköpings län,0665,Vaggeryd,1,60.1,447548.723629305,6385751.61093626
06,Jönköpings län,0665,Vaggeryd,1,60.1,449721.410067616,6389148.01676482
06,Jönköpings län,0665,Vaggeryd,1,60.1,453617.20148607,6389953.0124868
06,Jönköpings län,0665,Vaggeryd,1,60.1,452566.054137797,6387648.47971664
06,Jönköpings län,0665,Vaggeryd,1,60.1,454521.512410672,6379802.00703075
06,Jönköpings län,0665,Vaggeryd,1,60.1,459809.723151335,6377747.69070938
06,Jönköpings län,0665,Vaggeryd,1,60.1,458370.377170605,6376900.93946005
06,Jönköpings län,0665,Vaggeryd,1,60.1,465844.372740536,6376055.0677042
06,Jönköpings län,0665,Vaggeryd,1,60.1,467450.741485164,6372432.60494803
06,Jönköpings län,0665,Vaggeryd,1,60.1,461633.572898004,6369613.69128913
06,Jönköpings län,0665,Vaggeryd,1,60.1,462130.95581454,6360040.51315012
06,Jönköpings län,0665,Vaggeryd,1,60.1,459299.176009716,6359192.28039348
06,Jönköpings län,0665,Vaggeryd,1,60.1,456287.981169413,6357290.36443407
06,Jönköpings län,0665,Vaggeryd,1,60.1,456381.448836626,6354463.64762706
06,Jönköpings län,0665,Vaggeryd,1,60.1,454735.721901132,6352220.07940526
06,Jönköpings län,0665,Vaggeryd,1,60.1,452507.234970238,6353858.98338839
06,Jönköpings län,0665,Vaggeryd,1,60.1,447512.471689292,6352161.50792269
06,Jönköpings län,0665,Vaggeryd,1,60.1,445815.595609988,6353140.97420839
06,Jönköpings län,0665,Vaggeryd,1,60.1,443293.650571762,6351455.82109119
06,Jönköpings län,0665,Vaggeryd,1,60.1,439981.524954554,6352937.92643071
06,Jönköpings län,0665,Vaggeryd,1,60.1,440744.580237806,6356279.51136915
06,Jönköpings län,0665,Vaggeryd,1,60.1,437939.823952667,6359988.63348006
06,Jönköpings län,0665,Vaggeryd,1,60.1,435385.433580047,6360453.13495132
06,Jönköpings län,0665,Vaggeryd,1,60.1,432757.196394756,6363943.41228564
06,Jönköpings län,0665,Vaggeryd,1,60.1,433959.77756821,6367641.03968789
06,Jönköpings län,0665,Vaggeryd,1,60.1,433924.125411022,6370393.40411441
06,Jönköpings län,0665,Vaggeryd,1,60.1,434469.849129521,6376037.38302344
06,Jönköpings län,0665,Vaggeryd,1,60.1,432854.970023561,6379622.60786867
06,Jönköpings län,0665,Vaggeryd,1,60.1,433574.662978796,6382565.85969798
06,Jönköpings län,0665,Vaggeryd,1,60.1,431876.768172477,6383546.24635027
06,Jönköpings län,0665,Vaggeryd,1,60.1,429823.645368255,6385567.92980866
06,Jönköpings län,0665,Vaggeryd,1,60.1,432329.888660789,6387723.77704279
06,Jönköpings län,0665,Vaggeryd,1,60.1,435854.439605322,6386958.03307984
06,Jönköpings län,0665,Vaggeryd,1,60.1,439302.525945634,6391027.26234197
06,Jönköpings län,0665,Vaggeryd,1,60.1,441754.352681584,6387757.85275768
06,Jönköpings län,0665,Vaggeryd,1,60.1,444593.436553555,6388068.4783324
06,Jönköpings län,0680,Jönköping,1,61.1,444593.436553555,6388068.4783324
06,Jönköpings län,0680,Jönköping,1,61.1,441754.352681584,6387757.85275768
06,Jönköpings län,0680,Jönköping,1,61.1,439302.525945634,6391027.26234197
06,Jönköpings län,0680,Jönköping,1,61.1,435854.439605322,6386958.03307984
06,Jönköpings län,0680,Jönköping,1,61.1,432329.888660789,6387723.77704279
06,Jönköpings län,0680,Jönköping,1,61.1,429823.645368255,6385567.92980866
06,Jönköpings län,0680,Jönköping,1,61.1,427589.284979302,6380971.42525697
06,Jönköpings län,0680,Jönköping,1,61.1,425120.426349411,6382231.5114195
06,Jönköpings län,0680,Jönköping,1,61.1,421138.257172769,6380630.91252684
06,Jönköpings län,0680,Jönköping,1,61.1,420687.130137457,6385706.22336458
06,Jönköpings län,0680,Jönköping,1,61.1,420945.605748542,6388094.2097855
06,Jönköpings län,0680,Jönköping,1,61.1,423695.595905662,6389419.31855983
06,Jönköpings län,0680,Jönköping,1,61.1,424635.02947988,6392541.07761937
06,Jönköpings län,0680,Jönköping,1,61.1,422966.254381447,6396870.25565333
06,Jönköpings län,0680,Jönköping,1,61.1,423231.732334592,6399928.03002833
06,Jönköpings län,0680,Jönköping,1,61.1,425183.519628609,6403145.81355548
06,Jönköpings län,0680,Jönköping,1,61.1,425274.106714713,6411987.91240497
06,Jönköpings län,0680,Jönköping,1,61.1,430450.95615101,6411051.04306301
06,Jönköpings län,0680,Jönköping,1,61.1,431987.393273253,6414731.73268324
06,Jönköpings län,0680,Jönköping,1,61.1,435884.066536121,6413105.91032845
06,Jönköpings län,0680,Jönköping,1,61.1,438603.571901649,6408601.2968060505
06,Jönköpings län,0680,Jönköping,1,61.1,440761.692188258,6408177.2016119
06,Jönköpings län,0680,Jönköping,1,61.1,440529.150007449,6413432.15591908
06,Jönköpings län,0680,Jönköping,1,61.1,443124.248731461,6415175.34563392
06,Jönköpings län,0680,Jönköping,1,61.1,445416.682381261,6414134.12644512
06,Jönköpings län,0680,Jönköping,1,61.1,447458.534261464,6416337.54444693
06,Jönköpings län,0680,Jönköping,1,61.1,449092.635949922,6414761.69275311
06,Jönköpings län,0680,Jönköping,1,61.1,450005.14287566,6410241.48193421
06,Jönköpings län,0680,Jönköping,1,61.1,449507.875605244,6405665.48663791
06,Jönköpings län,0680,Jönköping,1,61.1,451185.213582605,6404486.96311092
06,Jönköpings län,0680,Jönköping,1,61.1,452943.458320987,6405915.31062728
06,Jönköpings län,0680,Jönköping,1,61.1,455981.732163834,6406205.38971535
06,Jönköpings län,0680,Jönköping,1,61.1,456473.418036737,6412591.60899959
06,Jönköpings län,0680,Jönköping,1,61.1,457650.608524572,6417902.44550637
06,Jönköpings län,0680,Jönköping,1,61.1,461663.283625092,6425334.28072907
06,Jönköpings län,0680,Jönköping,1,61.1,467489.274854036,6429158.29112624
06,Jönköpings län,0680,Jönköping,1,61.1,468601.537320559,6433871.69346498
06,Jönköpings län,0680,Jönköping,1,61.1,472740.252482126,6440620.46880961
06,Jönköpings län,0680,Jönköping,1,61.1,476649.166383627,6439076.80011784
06,Jönköpings län,0680,Jönköping,1,61.1,477744.054529801,6428837.86465418
06,Jönköpings län,0680,Jönköping,1,61.1,475397.276845313,6428142.10927985
06,Jönköpings län,0680,Jönköping,1,61.1,474943.329187172,6423964.32953176
06,Jönköpings län,0680,Jönköping,1,61.1,470940.387071432,6422164.27090761
06,Jönköpings län,0680,Jönköping,1,61.1,469142.492523152,6418527.26895573
06,Jönköpings län,0680,Jönköping,1,61.1,470190.337422947,6413389.81064564
06,Jönköpings län,0680,Jönköping,1,61.1,472917.815101156,6414516.88659978
06,Jönköpings län,0680,Jönköping,1,61.1,476507.41706119,6414348.75390497
06,Jönköpings län,0680,Jönköping,1,61.1,478741.744653116,6402918.82798626
06,Jönköpings län,0680,Jönköping,1,61.1,475966.142440878,6400120.86067193
06,Jönköpings län,0680,Jönköping,1,61.1,471230.803101654,6400810.2100906
06,Jönköpings län,0680,Jönköping,1,61.1,467183.586183092,6398612.89775286
06,Jönköpings län,0680,Jönköping,1,61.1,465545.062920537,6392746.76089908
06,Jönköpings län,0680,Jönköping,1,61.1,463653.463186408,6391936.58646626
06,Jönköpings län,0680,Jönköping,1,61.1,462054.62347889,6388279.05696874
06,Jönköpings län,0680,Jönköping,1,61.1,462829.179277355,6386187.12128358
06,Jönköpings län,0680,Jönköping,1,61.1,460389.885662084,6384025.01216384
06,Jönköpings län,0680,Jönköping,1,61.1,459809.723151335,6377747.69070938
06,Jönköpings län,0680,Jönköping,1,61.1,454521.512410672,6379802.00703075
06,Jönköpings län,0680,Jönköping,1,61.1,452566.054137797,6387648.47971664
06,Jönköpings län,0680,Jönköping,1,61.1,453617.20148607,6389953.0124868
06,Jönköpings län,0680,Jönköping,1,61.1,449721.410067616,6389148.01676482
06,Jönköpings län,0680,Jönköping,1,61.1,447548.723629305,6385751.61093626
06,Jönköpings län,0680,Jönköping,1,61.1,444593.436553555,6388068.4783324
06,Jönköpings län,0682,Nässjö,1,62.1,459809.723151335,6377747.69070938
06,Jönköpings län,0682,Nässjö,1,62.1,460389.885662084,6384025.01216384
06,Jönköpings län,0682,Nässjö,1,62.1,462829.179277355,6386187.12128358
06,Jönköpings län,0682,Nässjö,1,62.1,462054.62347889,6388279.05696874
06,Jönköpings län,0682,Nässjö,1,62.1,463653.463186408,6391936.58646626
06,Jönköpings län,0682,Nässjö,1,62.1,465545.062920537,6392746.76089908
06,Jönköpings län,0682,Nässjö,1,62.1,467183.586183092,6398612.89775286
06,Jönköpings län,0682,Nässjö,1,62.1,471230.803101654,6400810.2100906
06,Jönköpings län,0682,Nässjö,1,62.1,475966.142440878,6400120.86067193
06,Jönköpings län,0682,Nässjö,1,62.1,478741.744653116,6402918.82798626
06,Jönköpings län,0682,Nässjö,1,62.1,483132.698221132,6405215.23420098
06,Jönköpings län,0682,Nässjö,1,62.1,485154.050271465,6407219.54931092
06,Jönköpings län,0682,Nässjö,1,62.1,488412.235797754,6407688.19849979
06,Jönköpings län,0682,Nässjö,1,62.1,489868.857311771,6406331.06503974
06,Jönköpings län,0682,Nässjö,1,62.1,493320.650878608,6408590.34843246
06,Jönköpings län,0682,Nässjö,1,62.1,496647.316835302,6407844.25434517
06,Jönköpings län,0682,Nässjö,1,62.1,497667.67412201,6401233.83335727
06,Jönköpings län,0682,Nässjö,1,62.1,493827.887649587,6398479.13197857
06,Jönköpings län,0682,Nässjö,1,62.1,494999.828381022,6396346.87605224
06,Jönköpings län,0682,Nässjö,1,62.1,489926.488565186,6390230.78389118
06,Jönköpings län,0682,Nässjö,1,62.1,487801.476996131,6385421.3270771
06,Jönköpings län,0682,Nässjö,1,62.1,491107.641592573,6383873.2158079
06,Jönköpings län,0682,Nässjö,1,62.1,490545.147253855,6379304.24227103
06,Jönköpings län,0682,Nässjö,1,62.1,490182.966608627,6374110.88519375
06,Jönköpings län,0682,Nässjö,1,62.1,490697.95545949,6369631.68676645
06,Jönköpings län,0682,Nässjö,1,62.1,489304.929901208,6362935.67374306
06,Jönköpings län,0682,Nässjö,1,62.1,485250.727087414,6363757.273955
06,Jönköpings län,0682,Nässjö,1,62.1,482817.00428184,6369037.36653243
06,Jönköpings län,0682,Nässjö,1,62.1,478676.156603777,6369664.97086314
06,Jönköpings län,0682,Nässjö,1,62.1,476654.732765773,6367660.7619517
06,Jönköpings län,0682,Nässjö,1,62.1,474099.223097976,6368125.2523396
06,Jönköpings län,0682,Nässjö,1,62.1,471162.017878799,6372452.67179266
06,Jönköpings län,0682,Nässjö,1,62.1,467450.741485164,6372432.60494803
06,Jönköpings län,0682,Nässjö,1,62.1,465844.372740536,6376055.0677042
06,Jönköpings län,0682,Nässjö,1,62.1,458370.377170605,6376900.93946005
06,Jönköpings län,0682,Nässjö,1,62.1,459809.723151335,6377747.69070938
06,Jönköpings län,0683,Värnamo,1,63.1,456840.664071588,6304526.91510861
06,Jönköpings län,0683,Värnamo,1,63.1,454129.252593986,6306014.31282012
06,Jönköpings län,0683,Värnamo,1,63.1,451562.758679924,6311911.53745322
06,Jönköpings län,0683,Värnamo,1,63.1,451068.731394256,6316590.72172703
06,Jönköpings län,0683,Värnamo,1,63.1,447488.749413253,6322390.96415059
06,Jönköpings län,0683,Värnamo,1,63.1,446169.957320337,6321320.8426119
06,Jönköpings län,0683,Värnamo,1,63.1,443830.970401939,6323775.15061512
06,Jönköpings län,0683,Värnamo,1,63.1,440547.894551307,6324917.84726907
06,Jönköpings län,0683,Värnamo,1,63.1,435178.473767166,6323461.03570357
06,Jönköpings län,0683,Värnamo,1,63.1,434479.21896801,6320715.99747711
06,Jönköpings län,0683,Värnamo,1,63.1,430872.549726566,6318877.21077678
06,Jönköpings län,0683,Värnamo,1,63.1,428349.311558597,6325171.56742355
06,Jönköpings län,0683,Värnamo,1,63.1,423995.188781598,6325687.86794035
06,Jönköpings län,0683,Värnamo,1,63.1,422524.764668561,6330601.23870593
06,Jönköpings län,0683,Värnamo,1,63.1,423817.446300848,6333284.29969197
06,Jönköpings län,0683,Värnamo,1,63.1,422490.878775394,6335834.4396677
06,Jönköpings län,0683,Värnamo,1,63.1,419806.741932967,6335105.01680239
06,Jönköpings län,0683,Värnamo,1,63.1,418436.889054253,6337258.81878789
06,Jönköpings län,0683,Värnamo,1,63.1,420304.360825584,6339680.7992535
06,Jönköpings län,0683,Värnamo,1,63.1,420400.212685082,6346107.97793847
06,Jönköpings län,0683,Värnamo,1,63.1,422417.936409809,6345631.09216864
06,Jönköpings län,0683,Värnamo,1,63.1,430111.684076006,6345105.4575606
06,Jönköpings län,0683,Värnamo,1,63.1,430215.395470125,6347911.42876229
06,Jönköpings län,0683,Värnamo,1,63.1,433581.564691246,6349374.64729316
06,Jönköpings län,0683,Värnamo,1,63.1,434598.415918321,6347660.45585357
06,Jönköpings län,0683,Värnamo,1,63.1,438496.621253598,6346654.07345254
06,Jönköpings län,0683,Värnamo,1,63.1,441354.880567374,6348974.92451139
06,Jönköpings län,0683,Värnamo,1,63.1,443293.650571762,6351455.82109119
06,Jönköpings län,0683,Värnamo,1,63.1,445815.595609988,6353140.97420839
06,Jönköpings län,0683,Värnamo,1,63.1,447512.471689292,6352161.50792269
06,Jönköpings län,0683,Värnamo,1,63.1,452507.234970238,6353858.98338839
06,Jönköpings län,0683,Värnamo,1,63.1,454735.721901132,6352220.07940526
06,Jönköpings län,0683,Värnamo,1,63.1,456381.448836626,6354463.64762706
06,Jönköpings län,0683,Värnamo,1,63.1,456287.981169413,6357290.36443407
06,Jönköpings län,0683,Värnamo,1,63.1,459299.176009716,6359192.28039348
06,Jönköpings län,0683,Värnamo,1,63.1,462130.95581454,6360040.51315012
06,Jönköpings län,0683,Värnamo,1,63.1,463448.874272262,6354941.22507726
06,Jönköpings län,0683,Värnamo,1,63.1,465662.647428528,6349483.678894
06,Jönköpings län,0683,Värnamo,1,63.1,464492.887847324,6340551.45460792
06,Jönköpings län,0683,Värnamo,1,63.1,462118.387050845,6338985.99046914
06,Jönköpings län,0683,Värnamo,1,63.1,462933.463057491,6334810.34720549
06,Jönköpings län,0683,Värnamo,1,63.1,460058.09280565,6334772.34909986
06,Jönköpings län,0683,Värnamo,1,63.1,459947.287147618,6324525.27528079
06,Jönköpings län,0683,Värnamo,1,63.1,458740.093213043,6322637.79259216
06,Jönköpings län,0683,Värnamo,1,63.1,459320.702090107,6318756.25757146
06,Jönköpings län,0683,Värnamo,1,63.1,463030.579803137,6314147.9623792
06,Jönköpings län,0683,Värnamo,1,63.1,459766.265294569,6306237.70128296
06,Jönköpings län,0683,Värnamo,1,63.1,456840.664071588,6304526.91510861
06,Jönköpings län,0684,Sävsjö,1,64.1,480191.63076107,6341144.0349889
06,Jönköpings län,0684,Sävsjö,1,64.1,476317.321838626,6340537.40835316
06,Jönköpings län,0684,Sävsjö,1,64.1,475351.563437455,6339028.57491951
06,Jönköpings län,0684,Sävsjö,1,64.1,472995.231297239,6339473.51423746
06,Jönköpings län,0684,Sävsjö,1,64.1,472407.592713522,6335912.98267683
06,Jönköpings län,0684,Sävsjö,1,64.1,468974.070251111,6335058.70725309
06,Jönköpings län,0684,Sävsjö,1,64.1,462933.463057491,6334810.34720549
06,Jönköpings län,0684,Sävsjö,1,64.1,462118.387050845,6338985.99046914
06,Jönköpings län,0684,Sävsjö,1,64.1,464492.887847324,6340551.45460792
06,Jönköpings län,0684,Sävsjö,1,64.1,465662.647428528,6349483.678894
06,Jönköpings län,0684,Sävsjö,1,64.1,463448.874272262,6354941.22507726
06,Jönköpings län,0684,Sävsjö,1,64.1,462130.95581454,6360040.51315012
06,Jönköpings län,0684,Sävsjö,1,64.1,461633.572898004,6369613.69128913
06,Jönköpings län,0684,Sävsjö,1,64.1,467450.741485164,6372432.60494803
06,Jönköpings län,0684,Sävsjö,1,64.1,471162.017878799,6372452.67179266
06,Jönköpings län,0684,Sävsjö,1,64.1,474099.223097976,6368125.2523396
06,Jönköpings län,0684,Sävsjö,1,64.1,476654.732765773,6367660.7619517
06,Jönköpings län,0684,Sävsjö,1,64.1,478676.156603777,6369664.97086314
06,Jönköpings län,0684,Sävsjö,1,64.1,482817.00428184,6369037.36653243
06,Jönköpings län,0684,Sävsjö,1,64.1,485250.727087414,6363757.273955
06,Jönköpings län,0684,Sävsjö,1,64.1,489304.929901208,6362935.67374306
06,Jönköpings län,0684,Sävsjö,1,64.1,488816.46960643,6354134.20113669
06,Jönköpings län,0684,Sävsjö,1,64.1,488457.576951754,6347130.5985897
06,Jönköpings län,0684,Sävsjö,1,64.1,487167.137119991,6343239.79291291
06,Jönköpings län,0684,Sävsjö,1,64.1,483621.919375078,6343203.8372388
06,Jönköpings län,0684,Sävsjö,1,64.1,480191.63076107,6341144.0349889
06,Jönköpings län,0685,Vetlanda,1,65.1,513057.150542192,6376176.79435117
06,Jönköpings län,0685,Vetlanda,1,65.1,518012.512803317,6375665.82476014
06,Jönköpings län,0685,Vetlanda,1,65.1,521740.089768783,6373067.97645148
06,Jönköpings län,0685,Vetlanda,1,65.1,524442.66535491,6375806.13856057
06,Jönköpings län,0685,Vetlanda,1,65.1,527877.553493518,6376055.85722012
06,Jönköpings län,0685,Vetlanda,1,65.1,530532.359650092,6380208.01892483
06,Jönköpings län,0685,Vetlanda,1,65.1,534585.787000407,6379387.44944539
06,Jönköpings län,0685,Vetlanda,1,65.1,537212.056074302,6377105.38196003
06,Jönköpings län,0685,Vetlanda,1,65.1,538076.684740725,6373997.63546749
06,Jönköpings län,0685,Vetlanda,1,65.1,536275.94158862,6372171.84528696
06,Jönköpings län,0685,Vetlanda,1,65.1,536132.507094239,6367156.75419952
06,Jönköpings län,0685,Vetlanda,1,65.1,532779.616735724,6369514.19808088
06,Jönköpings län,0685,Vetlanda,1,65.1,529923.081582904,6367194.06160111
06,Jönköpings län,0685,Vetlanda,1,65.1,530265.985211386,6361123.12334201
06,Jönköpings län,0685,Vetlanda,1,65.1,529433.485141334,6358995.95029191
06,Jönköpings län,0685,Vetlanda,1,65.1,530501.667081556,6354057.23152274
06,Jönköpings län,0685,Vetlanda,1,65.1,527686.383947089,6352134.50533681
06,Jönköpings län,0685,Vetlanda,1,65.1,528052.8092267,6346262.7983804
06,Jönköpings län,0685,Vetlanda,1,65.1,530102.925478074,6344844.53665193
06,Jönköpings län,0685,Vetlanda,1,65.1,532007.385630553,6339767.74559126
06,Jönköpings län,0685,Vetlanda,1,65.1,522728.58330294,6343391.72284059
06,Jönköpings län,0685,Vetlanda,1,65.1,513132.112654386,6341766.68975935
06,Jönköpings län,0685,Vetlanda,1,65.1,510353.256829009,6343864.05236288
06,Jönköpings län,0685,Vetlanda,1,65.1,506740.879856204,6343835.29840926
06,Jönköpings län,0685,Vetlanda,1,65.1,509325.980249595,6339947.28203771
06,Jönköpings län,0685,Vetlanda,1,65.1,505141.747916493,6340177.67742682
06,Jönköpings län,0685,Vetlanda,1,65.1,504081.049570328,6338409.76109141
06,Jönköpings län,0685,Vetlanda,1,65.1,501559.883869895,6336725.55006046
06,Jönköpings län,0685,Vetlanda,1,65.1,499073.648914399,6335976.40991561
06,Jönköpings län,0685,Vetlanda,1,65.1,497978.033163812,6333272.44269376
06,Jönköpings län,0685,Vetlanda,1,65.1,494544.241735377,6333023.92841744
06,Jönköpings län,0685,Vetlanda,1,65.1,493541.155408046,6338557.99785624
06,Jönköpings län,0685,Vetlanda,1,65.1,491024.439048332,6341233.21500826
06,Jönköpings län,0685,Vetlanda,1,65.1,487167.137119991,6343239.79291291
06,Jönköpings län,0685,Vetlanda,1,65.1,488457.576951754,6347130.5985897
06,Jönköpings län,0685,Vetlanda,1,65.1,488816.46960643,6354134.20113669
06,Jönköpings län,0685,Vetlanda,1,65.1,489304.929901208,6362935.67374306
06,Jönköpings län,0685,Vetlanda,1,65.1,490697.95545949,6369631.68676645
06,Jönköpings län,0685,Vetlanda,1,65.1,490182.966608627,6374110.88519375
06,Jönköpings län,0685,Vetlanda,1,65.1,490545.147253855,6379304.24227103
06,Jönköpings län,0685,Vetlanda,1,65.1,491107.641592573,6383873.2158079
06,Jönköpings län,0685,Vetlanda,1,65.1,495954.573343127,6382970.15960663
06,Jönköpings län,0685,Vetlanda,1,65.1,497151.628055212,6379225.76007979
06,Jönköpings län,0685,Vetlanda,1,65.1,501072.775940127,6378419.64606175
06,Jönköpings län,0685,Vetlanda,1,65.1,505329.918100777,6375163.38145129
06,Jönköpings län,0685,Vetlanda,1,65.1,510109.680695079,6374872.24785659
06,Jönköpings län,0685,Vetlanda,1,65.1,513057.150542192,6376176.79435117
06,Jönköpings län,0686,Eksjö,1,66.1,497667.67412201,6401233.83335727
06,Jönköpings län,0686,Eksjö,1,66.1,500869.422677853,6400569.1967421
06,Jönköpings län,0686,Eksjö,1,66.1,505953.281846892,6401855.27182341
06,Jönköpings län,0686,Eksjö,1,66.1,508410.080107116,6396170.52564897
06,Jönköpings län,0686,Eksjö,1,66.1,516930.030126588,6397101.59913191
06,Jönköpings län,0686,Eksjö,1,66.1,524772.585542392,6395487.48033203
06,Jönköpings län,0686,Eksjö,1,66.1,526254.405082118,6392519.10445543
06,Jönköpings län,0686,Eksjö,1,66.1,530573.061187995,6391671.74932833
06,Jönköpings län,0686,Eksjö,1,66.1,539020.696955099,6385166.30219728
06,Jönköpings län,0686,Eksjö,1,66.1,534585.787000407,6379387.44944539
06,Jönköpings län,0686,Eksjö,1,66.1,530532.359650092,6380208.01892483
06,Jönköpings län,0686,Eksjö,1,66.1,527877.553493518,6376055.85722012
06,Jönköpings län,0686,Eksjö,1,66.1,524442.66535491,6375806.13856057
06,Jönköpings län,0686,Eksjö,1,66.1,521740.089768783,6373067.97645148
06,Jönköpings län,0686,Eksjö,1,66.1,518012.512803317,6375665.82476014
06,Jönköpings län,0686,Eksjö,1,66.1,513057.150542192,6376176.79435117
06,Jönköpings län,0686,Eksjö,1,66.1,510109.680695079,6374872.24785659
06,Jönköpings län,0686,Eksjö,1,66.1,505329.918100777,6375163.38145129
06,Jönköpings län,0686,Eksjö,1,66.1,501072.775940127,6378419.64606175
06,Jönköpings län,0686,Eksjö,1,66.1,497151.628055212,6379225.76007979
06,Jönköpings län,0686,Eksjö,1,66.1,495954.573343127,6382970.15960663
06,Jönköpings län,0686,Eksjö,1,66.1,491107.641592573,6383873.2158079
06,Jönköpings län,0686,Eksjö,1,66.1,487801.476996131,6385421.3270771
06,Jönköpings län,0686,Eksjö,1,66.1,489926.488565186,6390230.78389118
06,Jönköpings län,0686,Eksjö,1,66.1,494999.828381022,6396346.87605224
06,Jönköpings län,0686,Eksjö,1,66.1,493827.887649587,6398479.13197857
06,Jönköpings län,0686,Eksjö,1,66.1,497667.67412201,6401233.83335727
06,Jönköpings län,0687,Tranås,1,67.1,485144.92302717,6440413.82786495
06,Jönköpings län,0687,Tranås,1,67.1,485571.153906145,6436950.23861463
06,Jönköpings län,0687,Tranås,1,67.1,493780.933987883,6438719.68671632
06,Jönköpings län,0687,Tranås,1,67.1,496083.225556523,6443309.5186183
06,Jönköpings län,0687,Tranås,1,67.1,498927.127586883,6441809.06475287
06,Jönköpings län,0687,Tranås,1,67.1,501502.927968669,6432290.29095297
06,Jönköpings län,0687,Tranås,1,67.1,502921.013971746,6428723.50124659
06,Jönköpings län,0687,Tranås,1,67.1,500834.815315857,6426122.5338386
06,Jönköpings län,0687,Tranås,1,67.1,498987.634176932,6421417.19667561
06,Jönköpings län,0687,Tranås,1,67.1,496084.914790148,6422990.99512713
06,Jönköpings län,0687,Tranås,1,67.1,491371.060464998,6423879.41641235
06,Jönköpings län,0687,Tranås,1,67.1,486595.98422882,6422360.00145767
06,Jönköpings län,0687,Tranås,1,67.1,485160.959111356,6423916.29190364
06,Jönköpings län,0687,Tranås,1,67.1,478774.357140776,6424171.97338457
06,Jönköpings län,0687,Tranås,1,67.1,479714.715188627,6427294.98594233
06,Jönköpings län,0687,Tranås,1,67.1,477744.054529801,6428837.86465418
06,Jönköpings län,0687,Tranås,1,67.1,476649.166383627,6439076.80011784
06,Jönköpings län,0687,Tranås,1,67.1,485144.92302717,6440413.82786495
07,Kronobergs län,0760,Uppvidinge,1,68.1,508465.807642009,6309858.7841552
07,Kronobergs län,0760,Uppvidinge,1,68.1,510620.668727056,6311246.72350705
07,Kronobergs län,0760,Uppvidinge,1,68.1,513586.522546134,6314560.56191169
07,Kronobergs län,0760,Uppvidinge,1,68.1,513837.476186878,6320570.42148524
07,Kronobergs län,0760,Uppvidinge,1,68.1,509033.669647443,6322475.00823646
07,Kronobergs län,0760,Uppvidinge,1,68.1,507216.299499323,6327892.61311636
07,Kronobergs län,0760,Uppvidinge,1,68.1,508001.171404029,6331432.63333059
07,Kronobergs län,0760,Uppvidinge,1,68.1,504081.049570328,6338409.76109141
07,Kronobergs län,0760,Uppvidinge,1,68.1,505141.747916493,6340177.67742682
07,Kronobergs län,0760,Uppvidinge,1,68.1,509325.980249595,6339947.28203771
07,Kronobergs län,0760,Uppvidinge,1,68.1,506740.879856204,6343835.29840926
07,Kronobergs län,0760,Uppvidinge,1,68.1,510353.256829009,6343864.05236288
07,Kronobergs län,0760,Uppvidinge,1,68.1,513132.112654386,6341766.68975935
07,Kronobergs län,0760,Uppvidinge,1,68.1,522728.58330294,6343391.72284059
07,Kronobergs län,0760,Uppvidinge,1,68.1,532007.385630553,6339767.74559126
07,Kronobergs län,0760,Uppvidinge,1,68.1,533575.228226956,6338047.8579051
07,Kronobergs län,0760,Uppvidinge,1,68.1,532393.013145538,6334548.00438117
07,Kronobergs län,0760,Uppvidinge,1,68.1,537948.408083041,6332164.46959
07,Kronobergs län,0760,Uppvidinge,1,68.1,540227.16305065,6327301.9562052
07,Kronobergs län,0760,Uppvidinge,1,68.1,544642.011924425,6325504.69318227
07,Kronobergs län,0760,Uppvidinge,1,68.1,548477.322382176,6320213.63913382
07,Kronobergs län,0760,Uppvidinge,1,68.1,551131.766495784,6315110.53876324
07,Kronobergs län,0760,Uppvidinge,1,68.1,549250.014985684,6308866.23833263
07,Kronobergs län,0760,Uppvidinge,1,68.1,542161.188563493,6308190.83150701
07,Kronobergs län,0760,Uppvidinge,1,68.1,539696.452942105,6307640.92988684
07,Kronobergs län,0760,Uppvidinge,1,68.1,533702.472179192,6309667.57423941
07,Kronobergs län,0760,Uppvidinge,1,68.1,531150.17995482,6308321.91378514
07,Kronobergs län,0760,Uppvidinge,1,68.1,531051.407628962,6306185.44749483
07,Kronobergs län,0760,Uppvidinge,1,68.1,526732.086516703,6304553.05930999
07,Kronobergs län,0760,Uppvidinge,1,68.1,525120.697396876,6306328.45726504
07,Kronobergs län,0760,Uppvidinge,1,68.1,520719.918935115,6304570.16123421
07,Kronobergs län,0760,Uppvidinge,1,68.1,520022.508812733,6301825.87162836
07,Kronobergs län,0760,Uppvidinge,1,68.1,516428.392624473,6303806.82222473
07,Kronobergs län,0760,Uppvidinge,1,68.1,516944.016698468,6299327.44526243
07,Kronobergs län,0760,Uppvidinge,1,68.1,511269.417126777,6299376.55298395
07,Kronobergs län,0760,Uppvidinge,1,68.1,508465.807642009,6309858.7841552
07,Kronobergs län,0761,Lessebo,1,69.1,507974.534870402,6285029.84310072
07,Kronobergs län,0761,Lessebo,1,69.1,504341.670445863,6292179.50638601
07,Kronobergs län,0761,Lessebo,1,69.1,505123.369418583,6297529.78351889
07,Kronobergs län,0761,Lessebo,1,69.1,511269.417126777,6299376.55298395
07,Kronobergs län,0761,Lessebo,1,69.1,516944.016698468,6299327.44526243
07,Kronobergs län,0761,Lessebo,1,69.1,516428.392624473,6303806.82222473
07,Kronobergs län,0761,Lessebo,1,69.1,520022.508812733,6301825.87162836
07,Kronobergs län,0761,Lessebo,1,69.1,520719.918935115,6304570.16123421
07,Kronobergs län,0761,Lessebo,1,69.1,525120.697396876,6306328.45726504
07,Kronobergs län,0761,Lessebo,1,69.1,526732.086516703,6304553.05930999
07,Kronobergs län,0761,Lessebo,1,69.1,531051.407628962,6306185.44749483
07,Kronobergs län,0761,Lessebo,1,69.1,533642.994279037,6299278.25293034
07,Kronobergs län,0761,Lessebo,1,69.1,533004.499294876,6295857.85214165
07,Kronobergs län,0761,Lessebo,1,69.1,526686.868090503,6294899.74193785
07,Kronobergs län,0761,Lessebo,1,69.1,521846.41413126,6292784.44684575
07,Kronobergs län,0761,Lessebo,1,69.1,525691.951317529,6285748.08742402
07,Kronobergs län,0761,Lessebo,1,69.1,524976.129062348,6280994.26532198
07,Kronobergs län,0761,Lessebo,1,69.1,525664.843600239,6278107.33684571
07,Kronobergs län,0761,Lessebo,1,69.1,522216.966355013,6273432.37435132
07,Kronobergs län,0761,Lessebo,1,69.1,518885.955568277,6276593.14094308
07,Kronobergs län,0761,Lessebo,1,69.1,520222.253838441,6279674.80057906
07,Kronobergs län,0761,Lessebo,1,69.1,517973.093266521,6281114.84718851
07,Kronobergs län,0761,Lessebo,1,69.1,514553.259540774,6284686.37350413
07,Kronobergs län,0761,Lessebo,1,69.1,507974.534870402,6285029.84310072
01,Stockholms län,0127,Botkyrka,1,7.1,663725.968777195,6553810.67105521
01,Stockholms län,0127,Botkyrka,1,7.1,660807.471946379,6554639.26521607
01,Stockholms län,0127,Botkyrka,1,7.1,659098.064718344,6554118.69988458
01,Stockholms län,0127,Botkyrka,1,7.1,658742.045325284,6555615.12824757
01,Stockholms län,0127,Botkyrka,1,7.1,658790.56533344,6556812.50235276
01,Stockholms län,0127,Botkyrka,1,7.1,656776.976419408,6555319.43160209
01,Stockholms län,0127,Botkyrka,1,7.1,656473.064109625,6554571.90135312
01,Stockholms län,0127,Botkyrka,1,7.1,656861.397850065,6552551.95690672
01,Stockholms län,0127,Botkyrka,1,7.1,656812.667309673,6551205.6172857
01,Stockholms län,0127,Botkyrka,1,7.1,655103.081065546,6550535.08356349
01,Stockholms län,0127,Botkyrka,1,7.1,654288.949404997,6550724.22202746
01,Stockholms län,0127,Botkyrka,1,7.1,654082.650723746,6552407.41383019
01,Stockholms län,0127,Botkyrka,1,7.1,654060.127814525,6553940.85995339
01,Stockholms län,0127,Botkyrka,1,7.1,654634.64697376406,6555958.43257561
01,Stockholms län,0127,Botkyrka,1,7.1,653970.538585037,6559038.83206218
01,Stockholms län,0127,Botkyrka,1,7.1,655974.552543841,6560743.75003038
01,Stockholms län,0127,Botkyrka,1,7.1,656239.830688091,6561378.84566371
01,Stockholms län,0127,Botkyrka,1,7.1,656105.485608833,6563062.90831626
01,Stockholms län,0127,Botkyrka,1,7.1,659106.623117311,6564660.91860091
01,Stockholms län,0127,Botkyrka,1,7.1,657573.103585626,6567619.83061542
01,Stockholms län,0127,Botkyrka,1,7.1,657692.735367809,6569714.89838684
01,Stockholms län,0127,Botkyrka,1,7.1,656026.731742623,6571475.41965672
01,Stockholms län,0127,Botkyrka,1,7.1,656023.1148349,6571774.3268534
01,Stockholms län,0127,Botkyrka,1,7.1,657269.673431034,6572783.22585687
01,Stockholms län,0127,Botkyrka,1,7.1,658524.67843301,6572351.49585292
01,Stockholms län,0127,Botkyrka,1,7.1,659860.515964675,6572592.62043953
01,Stockholms län,0127,Botkyrka,1,7.1,661936.38390265,6572738.72104114
01,Stockholms län,0127,Botkyrka,1,7.1,662967.366439426,6572064.31926071
01,Stockholms län,0127,Botkyrka,1,7.1,663511.86431764,6570941.09852735
01,Stockholms län,0127,Botkyrka,1,7.1,663837.591616681,6569967.21614228
01,Stockholms län,0127,Botkyrka,1,7.1,664387.947128683,6570838.71898858
01,Stockholms län,0127,Botkyrka,1,7.1,665944.889977071,6569664.77028463
01,Stockholms län,0127,Botkyrka,1,7.1,666501.885584546,6569739.49334695
01,Stockholms län,0127,Botkyrka,1,7.1,666941.711511877,6569251.89644891
01,Stockholms län,0127,Botkyrka,1,7.1,667180.372136432,6567045.16044981
01,Stockholms län,0127,Botkyrka,1,7.1,668129.134385958,6565397.91464333
01,Stockholms län,0127,Botkyrka,1,7.1,669201.337920552,6565283.90215541
01,Stockholms län,0127,Botkyrka,1,7.1,669587.681979174,6562851.98347235
01,Stockholms län,0127,Botkyrka,1,7.1,670330.938725492,6561828.14364316
01,Stockholms län,0127,Botkyrka,1,7.1,666923.387698711,6559191.38658197
01,Stockholms län,0127,Botkyrka,1,7.1,667195.963834495,6557981.89330946
01,Stockholms län,0127,Botkyrka,1,7.1,666055.862634462,6557510.1938939
01,Stockholms län,0127,Botkyrka,1,7.1,665637.293134354,6556239.35435625
01,Stockholms län,0127,Botkyrka,1,7.1,666001.918852717,6555602.86508781
01,Stockholms län,0127,Botkyrka,1,7.1,664802.082110589,6554034.63283053
01,Stockholms län,0127,Botkyrka,1,7.1,663725.968777195,6553810.67105521
07,Kronobergs län,0763,Tingsryd,1,70.1,501154.835453238,6257301.71414515
07,Kronobergs län,0763,Tingsryd,1,70.1,497879.115867055,6254823.1934448
07,Kronobergs län,0763,Tingsryd,1,70.1,495079.483592702,6248741.62249709
07,Kronobergs län,0763,Tingsryd,1,70.1,492567.455811223,6246521.00993226
07,Kronobergs län,0763,Tingsryd,1,70.1,487784.61266602,6248624.13888258
07,Kronobergs län,0763,Tingsryd,1,70.1,482080.188960902,6249615.87387943
07,Kronobergs län,0763,Tingsryd,1,70.1,479530.883029095,6250750.53647549
07,Kronobergs län,0763,Tingsryd,1,70.1,475136.92302238,6256435.7490397
07,Kronobergs län,0763,Tingsryd,1,70.1,476838.511798114,6260418.14012912
07,Kronobergs län,0763,Tingsryd,1,70.1,474654.483257026,6262453.69856421
07,Kronobergs län,0763,Tingsryd,1,70.1,474593.245348239,6266818.23659519
07,Kronobergs län,0763,Tingsryd,1,70.1,479245.715683808,6267813.49758648
07,Kronobergs län,0763,Tingsryd,1,70.1,478354.619228101,6272532.17897678
07,Kronobergs län,0763,Tingsryd,1,70.1,477240.370107892,6278884.57279571
07,Kronobergs län,0763,Tingsryd,1,70.1,480214.549523805,6281660.47329982
07,Kronobergs län,0763,Tingsryd,1,70.1,485259.831306449,6277049.60108644
07,Kronobergs län,0763,Tingsryd,1,70.1,489948.541953768,6277772.4575557
07,Kronobergs län,0763,Tingsryd,1,70.1,491148.279698911,6283281.48787994
07,Kronobergs län,0763,Tingsryd,1,70.1,496759.605244957,6285115.83313796
07,Kronobergs län,0763,Tingsryd,1,70.1,501705.074596935,6278971.27034107
07,Kronobergs län,0763,Tingsryd,1,70.1,502815.042664461,6274431.97328472
07,Kronobergs län,0763,Tingsryd,1,70.1,505565.469778251,6275756.82848995
07,Kronobergs län,0763,Tingsryd,1,70.1,504778.252932505,6283281.85371746
07,Kronobergs län,0763,Tingsryd,1,70.1,507974.534870402,6285029.84310072
07,Kronobergs län,0763,Tingsryd,1,70.1,514553.259540774,6284686.37350413
07,Kronobergs län,0763,Tingsryd,1,70.1,517973.093266521,6281114.84718851
07,Kronobergs län,0763,Tingsryd,1,70.1,520222.253838441,6279674.80057906
07,Kronobergs län,0763,Tingsryd,1,70.1,518885.955568277,6276593.14094308
07,Kronobergs län,0763,Tingsryd,1,70.1,522216.966355013,6273432.37435132
07,Kronobergs län,0763,Tingsryd,1,70.1,522799.57741847,6268342.95144245
07,Kronobergs län,0763,Tingsryd,1,70.1,521019.286084952,6266716.59561528
07,Kronobergs län,0763,Tingsryd,1,70.1,520658.561272628,6260315.54930936
07,Kronobergs län,0763,Tingsryd,1,70.1,518219.851155426,6257550.87427447
07,Kronobergs län,0763,Tingsryd,1,70.1,515462.862023867,6259846.7229619
07,Kronobergs län,0763,Tingsryd,1,70.1,512450.23340466,6257945.03308805
07,Kronobergs län,0763,Tingsryd,1,70.1,511928.185986474,6254981.94873826
07,Kronobergs län,0763,Tingsryd,1,70.1,508315.817614967,6254951.58314395
07,Kronobergs län,0763,Tingsryd,1,70.1,507783.035150976,6257421.45144726
07,Kronobergs län,0763,Tingsryd,1,70.1,501154.835453238,6257301.71414515
07,Kronobergs län,0764,Alvesta,1,71.1,478461.834245632,6315974.40021314
07,Kronobergs län,0764,Alvesta,1,71.1,481373.745358441,6313259.82612054
07,Kronobergs län,0764,Alvesta,1,71.1,477231.115918762,6304635.32863041
07,Kronobergs län,0764,Alvesta,1,71.1,473937.327507505,6300147.26930289
07,Kronobergs län,0764,Alvesta,1,71.1,475090.694439028,6296004.49943528
07,Kronobergs län,0764,Alvesta,1,71.1,478129.078871005,6296294.18575357
07,Kronobergs län,0764,Alvesta,1,71.1,480011.140221329,6291472.24820475
07,Kronobergs län,0764,Alvesta,1,71.1,480214.549523805,6281660.47329982
07,Kronobergs län,0764,Alvesta,1,71.1,477240.370107892,6278884.57279571
07,Kronobergs län,0764,Alvesta,1,71.1,478354.619228101,6272532.17897678
07,Kronobergs län,0764,Alvesta,1,71.1,479245.715683808,6267813.49758648
07,Kronobergs län,0764,Alvesta,1,71.1,474593.245348239,6266818.23659519
07,Kronobergs län,0764,Alvesta,1,71.1,472062.297198826,6269964.24701361
07,Kronobergs län,0764,Alvesta,1,71.1,465147.337210715,6270879.62194019
07,Kronobergs län,0764,Alvesta,1,71.1,465571.802852688,6278480.50548414
07,Kronobergs län,0764,Alvesta,1,71.1,463697.478535283,6279678.96351189
07,Kronobergs län,0764,Alvesta,1,71.1,462911.257606185,6287203.62467814
07,Kronobergs län,0764,Alvesta,1,71.1,456722.725394467,6290524.38352469
07,Kronobergs län,0764,Alvesta,1,71.1,456337.389866812,6293113.7527756
07,Kronobergs län,0764,Alvesta,1,71.1,457475.376826179,6296214.86687531
07,Kronobergs län,0764,Alvesta,1,71.1,456840.664071588,6304526.91510861
07,Kronobergs län,0764,Alvesta,1,71.1,459766.265294569,6306237.70128296
07,Kronobergs län,0764,Alvesta,1,71.1,463030.579803137,6314147.9623792
07,Kronobergs län,0764,Alvesta,1,71.1,459320.702090107,6318756.25757146
07,Kronobergs län,0764,Alvesta,1,71.1,458740.093213043,6322637.79259216
07,Kronobergs län,0764,Alvesta,1,71.1,459947.287147618,6324525.27528079
07,Kronobergs län,0764,Alvesta,1,71.1,460058.09280565,6334772.34909986
07,Kronobergs län,0764,Alvesta,1,71.1,462933.463057491,6334810.34720549
07,Kronobergs län,0764,Alvesta,1,71.1,468974.070251111,6335058.70725309
07,Kronobergs län,0764,Alvesta,1,71.1,469601.292948731,6330368.00801085
07,Kronobergs län,0764,Alvesta,1,71.1,477051.346969643,6326983.4255577
07,Kronobergs län,0764,Alvesta,1,71.1,478461.834245632,6315974.40021314
07,Kronobergs län,0765,Älmhult,1,72.1,423548.82726765,6262502.56921578
07,Kronobergs län,0765,Älmhult,1,72.1,426630.336715919,6263190.44881056
07,Kronobergs län,0765,Älmhult,1,72.1,425798.541567693,6274608.45908663
07,Kronobergs län,0765,Älmhult,1,72.1,429271.237370445,6274585.2964634905
07,Kronobergs län,0765,Älmhult,1,72.1,434283.398910628,6278291.57654543
07,Kronobergs län,0765,Älmhult,1,72.1,436531.319251057,6276852.66000503
07,Kronobergs län,0765,Älmhult,1,72.1,442589.298960111,6286486.70065872
07,Kronobergs län,0765,Älmhult,1,72.1,447378.6002179,6280761.53716773
07,Kronobergs län,0765,Älmhult,1,72.1,455313.274664392,6287385.09802207
07,Kronobergs län,0765,Älmhult,1,72.1,456722.725394467,6290524.38352469
07,Kronobergs län,0765,Älmhult,1,72.1,462911.257606185,6287203.62467814
07,Kronobergs län,0765,Älmhult,1,72.1,463697.478535283,6279678.96351189
07,Kronobergs län,0765,Älmhult,1,72.1,465571.802852688,6278480.50548414
07,Kronobergs län,0765,Älmhult,1,72.1,465147.337210715,6270879.62194019
07,Kronobergs län,0765,Älmhult,1,72.1,472062.297198826,6269964.24701361
07,Kronobergs län,0765,Älmhult,1,72.1,474593.245348239,6266818.23659519
07,Kronobergs län,0765,Älmhult,1,72.1,474654.483257026,6262453.69856421
07,Kronobergs län,0765,Älmhult,1,72.1,476838.511798114,6260418.14012912
07,Kronobergs län,0765,Älmhult,1,72.1,475136.92302238,6256435.7490397
07,Kronobergs län,0765,Älmhult,1,72.1,470672.153880065,6257165.07203562
07,Kronobergs län,0765,Älmhult,1,72.1,463936.685403879,6259738.96899155
07,Kronobergs län,0765,Älmhult,1,72.1,454000.892928718,6262374.2167933
07,Kronobergs län,0765,Älmhult,1,72.1,453056.678867845,6261063.68450022
07,Kronobergs län,0765,Älmhult,1,72.1,446645.469742801,6262933.61149793
07,Kronobergs län,0765,Älmhult,1,72.1,444746.271881569,6265745.08075872
07,Kronobergs län,0765,Älmhult,1,72.1,442324.113371526,6265592.70462479
07,Kronobergs län,0765,Älmhult,1,72.1,441802.142194568,6262629.8674542
07,Kronobergs län,0765,Älmhult,1,72.1,439365.853663736,6258657.01251728
07,Kronobergs län,0765,Älmhult,1,72.1,433949.786223358,6258612.44880079
07,Kronobergs län,0765,Älmhult,1,72.1,430320.347697918,6256573.7757716
07,Kronobergs län,0765,Älmhult,1,72.1,425322.291675052,6256687.06063611
07,Kronobergs län,0765,Älmhult,1,72.1,420118.847610168,6254458.03040978
07,Kronobergs län,0765,Älmhult,1,72.1,420716.288246854,6258572.12378067
07,Kronobergs län,0765,Älmhult,1,72.1,423203.360960789,6259319.97616741
07,Kronobergs län,0765,Älmhult,1,72.1,423548.82726765,6262502.56921578
07,Kronobergs län,0767,Markaryd,1,73.1,401914.923657282,6275533.15999669
07,Kronobergs län,0767,Markaryd,1,73.1,406124.187372895,6277378.779607
07,Kronobergs län,0767,Markaryd,1,73.1,407681.102379907,6280637.53069237
07,Kronobergs län,0767,Markaryd,1,73.1,410804.841536397,6281722.77038522
07,Kronobergs län,0767,Markaryd,1,73.1,413669.806689325,6280421.10299235
07,Kronobergs län,0767,Markaryd,1,73.1,420167.392513978,6279348.05052058
07,Kronobergs län,0767,Markaryd,1,73.1,423705.835435766,6282401.27351689
07,Kronobergs län,0767,Markaryd,1,73.1,424351.174411662,6279117.37085917
07,Kronobergs län,0767,Markaryd,1,73.1,422815.881693651,6276056.71833895
07,Kronobergs län,0767,Markaryd,1,73.1,425798.541567693,6274608.45908663
07,Kronobergs län,0767,Markaryd,1,73.1,426630.336715919,6263190.44881056
07,Kronobergs län,0767,Markaryd,1,73.1,423548.82726765,6262502.56921578
07,Kronobergs län,0767,Markaryd,1,73.1,423203.360960789,6259319.97616741
07,Kronobergs län,0767,Markaryd,1,73.1,420716.288246854,6258572.12378067
07,Kronobergs län,0767,Markaryd,1,73.1,420118.847610168,6254458.03040978
07,Kronobergs län,0767,Markaryd,1,73.1,412177.99299711,6252547.75203983
07,Kronobergs län,0767,Markaryd,1,73.1,407254.311375073,6252720.90318485
07,Kronobergs län,0767,Markaryd,1,73.1,404841.378604184,6255115.43314393
07,Kronobergs län,0767,Markaryd,1,73.1,405768.942260728,6257500.17200899
07,Kronobergs län,0767,Markaryd,1,73.1,404399.317472583,6259654.05866374
07,Kronobergs län,0767,Markaryd,1,73.1,406107.871815854,6264304.87631111
07,Kronobergs län,0767,Markaryd,1,73.1,404376.694187346,6270518.54161198
07,Kronobergs län,0767,Markaryd,1,73.1,402765.604815406,6272293.73689716
07,Kronobergs län,0767,Markaryd,1,73.1,401914.923657282,6275533.15999669
07,Kronobergs län,0780,Växjö,1,74.1,478461.834245632,6315974.40021314
07,Kronobergs län,0780,Växjö,1,74.1,477051.346969643,6326983.4255577
07,Kronobergs län,0780,Växjö,1,74.1,469601.292948731,6330368.00801085
07,Kronobergs län,0780,Växjö,1,74.1,468974.070251111,6335058.70725309
07,Kronobergs län,0780,Växjö,1,74.1,472407.592713522,6335912.98267683
07,Kronobergs län,0780,Växjö,1,74.1,472995.231297239,6339473.51423746
07,Kronobergs län,0780,Växjö,1,74.1,475351.563437455,6339028.57491951
07,Kronobergs län,0780,Växjö,1,74.1,476317.321838626,6340537.40835316
07,Kronobergs län,0780,Växjö,1,74.1,480191.63076107,6341144.0349889
07,Kronobergs län,0780,Växjö,1,74.1,483621.919375078,6343203.8372388
07,Kronobergs län,0780,Växjö,1,74.1,487167.137119991,6343239.79291291
07,Kronobergs län,0780,Växjö,1,74.1,491024.439048332,6341233.21500826
07,Kronobergs län,0780,Växjö,1,74.1,493541.155408046,6338557.99785624
07,Kronobergs län,0780,Växjö,1,74.1,494544.241735377,6333023.92841744
07,Kronobergs län,0780,Växjö,1,74.1,497978.033163812,6333272.44269376
07,Kronobergs län,0780,Växjö,1,74.1,499073.648914399,6335976.40991561
07,Kronobergs län,0780,Växjö,1,74.1,501559.883869895,6336725.55006046
07,Kronobergs län,0780,Växjö,1,74.1,504081.049570328,6338409.76109141
07,Kronobergs län,0780,Växjö,1,74.1,508001.171404029,6331432.63333059
07,Kronobergs län,0780,Växjö,1,74.1,507216.299499323,6327892.61311636
07,Kronobergs län,0780,Växjö,1,74.1,509033.669647443,6322475.00823646
07,Kronobergs län,0780,Växjö,1,74.1,513837.476186878,6320570.42148524
07,Kronobergs län,0780,Växjö,1,74.1,513586.522546134,6314560.56191169
07,Kronobergs län,0780,Växjö,1,74.1,510620.668727056,6311246.72350705
07,Kronobergs län,0780,Växjö,1,74.1,508465.807642009,6309858.7841552
07,Kronobergs län,0780,Växjö,1,74.1,511269.417126777,6299376.55298395
07,Kronobergs län,0780,Växjö,1,74.1,505123.369418583,6297529.78351889
07,Kronobergs län,0780,Växjö,1,74.1,504341.670445863,6292179.50638601
07,Kronobergs län,0780,Växjö,1,74.1,507974.534870402,6285029.84310072
07,Kronobergs län,0780,Växjö,1,74.1,504778.252932505,6283281.85371746
07,Kronobergs län,0780,Växjö,1,74.1,505565.469778251,6275756.82848995
07,Kronobergs län,0780,Växjö,1,74.1,502815.042664461,6274431.97328472
07,Kronobergs län,0780,Växjö,1,74.1,501705.074596935,6278971.27034107
07,Kronobergs län,0780,Växjö,1,74.1,496759.605244957,6285115.83313796
07,Kronobergs län,0780,Växjö,1,74.1,491148.279698911,6283281.48787994
07,Kronobergs län,0780,Växjö,1,74.1,489948.541953768,6277772.4575557
07,Kronobergs län,0780,Växjö,1,74.1,485259.831306449,6277049.60108644
07,Kronobergs län,0780,Växjö,1,74.1,480214.549523805,6281660.47329982
07,Kronobergs län,0780,Växjö,1,74.1,480011.140221329,6291472.24820475
07,Kronobergs län,0780,Växjö,1,74.1,478129.078871005,6296294.18575357
07,Kronobergs län,0780,Växjö,1,74.1,475090.694439028,6296004.49943528
07,Kronobergs län,0780,Växjö,1,74.1,473937.327507505,6300147.26930289
07,Kronobergs län,0780,Växjö,1,74.1,477231.115918762,6304635.32863041
07,Kronobergs län,0780,Växjö,1,74.1,481373.745358441,6313259.82612054
07,Kronobergs län,0780,Växjö,1,74.1,478461.834245632,6315974.40021314
07,Kronobergs län,0781,Ljungby,1,75.1,401914.923657282,6275533.15999669
07,Kronobergs län,0781,Ljungby,1,75.1,400303.430082024,6280997.54289972
07,Kronobergs län,0781,Ljungby,1,75.1,397477.500645778,6284507.5698732
07,Kronobergs län,0781,Ljungby,1,75.1,397438.238720491,6293361.76317987
07,Kronobergs län,0781,Ljungby,1,75.1,396069.819510071,6301683.55251202
07,Kronobergs län,0781,Ljungby,1,75.1,398823.815977628,6304282.76038068
07,Kronobergs län,0781,Ljungby,1,75.1,400698.053085156,6303083.44585093
07,Kronobergs län,0781,Ljungby,1,75.1,406704.990495866,6304877.43989523
07,Kronobergs län,0781,Ljungby,1,75.1,407764.017684894,6303560.55647612
07,Kronobergs län,0781,Ljungby,1,75.1,410643.938929337,6306079.33235394
07,Kronobergs län,0781,Ljungby,1,75.1,415464.422858597,6306185.14399791
07,Kronobergs län,0781,Ljungby,1,75.1,416077.147843466,6308133.46868266
07,Kronobergs län,0781,Ljungby,1,75.1,418391.022066537,6307290.15740757
07,Kronobergs län,0781,Ljungby,1,75.1,420512.899643225,6313911.14104407
07,Kronobergs län,0781,Ljungby,1,75.1,420073.899891278,6316638.69280554
07,Kronobergs län,0781,Ljungby,1,75.1,421416.400948725,6324077.13164334
07,Kronobergs län,0781,Ljungby,1,75.1,423995.188781598,6325687.86794035
07,Kronobergs län,0781,Ljungby,1,75.1,428349.311558597,6325171.56742355
07,Kronobergs län,0781,Ljungby,1,75.1,430872.549726566,6318877.21077678
07,Kronobergs län,0781,Ljungby,1,75.1,434479.21896801,6320715.99747711
07,Kronobergs län,0781,Ljungby,1,75.1,435178.473767166,6323461.03570357
07,Kronobergs län,0781,Ljungby,1,75.1,440547.894551307,6324917.84726907
07,Kronobergs län,0781,Ljungby,1,75.1,443830.970401939,6323775.15061512
07,Kronobergs län,0781,Ljungby,1,75.1,446169.957320337,6321320.8426119
07,Kronobergs län,0781,Ljungby,1,75.1,447488.749413253,6322390.96415059
07,Kronobergs län,0781,Ljungby,1,75.1,451068.731394256,6316590.72172703
07,Kronobergs län,0781,Ljungby,1,75.1,451562.758679924,6311911.53745322
07,Kronobergs län,0781,Ljungby,1,75.1,454129.252593986,6306014.31282012
07,Kronobergs län,0781,Ljungby,1,75.1,456840.664071588,6304526.91510861
07,Kronobergs län,0781,Ljungby,1,75.1,457475.376826179,6296214.86687531
07,Kronobergs län,0781,Ljungby,1,75.1,456337.389866812,6293113.7527756
07,Kronobergs län,0781,Ljungby,1,75.1,456722.725394467,6290524.38352469
07,Kronobergs län,0781,Ljungby,1,75.1,455313.274664392,6287385.09802207
07,Kronobergs län,0781,Ljungby,1,75.1,447378.6002179,6280761.53716773
07,Kronobergs län,0781,Ljungby,1,75.1,442589.298960111,6286486.70065872
07,Kronobergs län,0781,Ljungby,1,75.1,436531.319251057,6276852.66000503
07,Kronobergs län,0781,Ljungby,1,75.1,434283.398910628,6278291.57654543
07,Kronobergs län,0781,Ljungby,1,75.1,429271.237370445,6274585.2964634905
07,Kronobergs län,0781,Ljungby,1,75.1,425798.541567693,6274608.45908663
07,Kronobergs län,0781,Ljungby,1,75.1,422815.881693651,6276056.71833895
07,Kronobergs län,0781,Ljungby,1,75.1,424351.174411662,6279117.37085917
07,Kronobergs län,0781,Ljungby,1,75.1,423705.835435766,6282401.27351689
07,Kronobergs län,0781,Ljungby,1,75.1,420167.392513978,6279348.05052058
07,Kronobergs län,0781,Ljungby,1,75.1,413669.806689325,6280421.10299235
07,Kronobergs län,0781,Ljungby,1,75.1,410804.841536397,6281722.77038522
07,Kronobergs län,0781,Ljungby,1,75.1,407681.102379907,6280637.53069237
07,Kronobergs län,0781,Ljungby,1,75.1,406124.187372895,6277378.779607
07,Kronobergs län,0781,Ljungby,1,75.1,401914.923657282,6275533.15999669
08,Kalmar län,0821,Högsby,1,76.1,554103.45247291,6346189.27822485
08,Kalmar län,0821,Högsby,1,76.1,558641.026914776,6345520.20072579
08,Kalmar län,0821,Högsby,1,76.1,563062.562261075,6347476.98684904
08,Kalmar län,0821,Högsby,1,76.1,564455.296699405,6345523.0432085
08,Kalmar län,0821,Högsby,1,76.1,571830.022569854,6346974.94880279
08,Kalmar län,0821,Högsby,1,76.1,569905.528901895,6344020.99024568
08,Kalmar län,0821,Högsby,1,76.1,568692.884289797,6331002.31353809
08,Kalmar län,0821,Högsby,1,76.1,577296.46128052,6323474.08538365
08,Kalmar län,0821,Högsby,1,76.1,575878.011434331,6317786.88349939
08,Kalmar län,0821,Högsby,1,76.1,572511.220335525,6316323.53950626
08,Kalmar län,0821,Högsby,1,76.1,566210.561947417,6317376.86811078
08,Kalmar län,0821,Högsby,1,76.1,564452.939278023,6315947.52892269
08,Kalmar län,0821,Högsby,1,76.1,558951.158110355,6324363.10129999
08,Kalmar län,0821,Högsby,1,76.1,556455.956591507,6327235.7657372
08,Kalmar län,0821,Högsby,1,76.1,552690.492454663,6327624.15581244
08,Kalmar län,0821,Högsby,1,76.1,544642.011924425,6325504.69318227
08,Kalmar län,0821,Högsby,1,76.1,540227.16305065,6327301.9562052
08,Kalmar län,0821,Högsby,1,76.1,537948.408083041,6332164.46959
08,Kalmar län,0821,Högsby,1,76.1,532393.013145538,6334548.00438117
08,Kalmar län,0821,Högsby,1,76.1,533575.228226956,6338047.8579051
08,Kalmar län,0821,Högsby,1,76.1,532007.385630553,6339767.74559126
08,Kalmar län,0821,Högsby,1,76.1,533213.298466014,6342108.25341974
08,Kalmar län,0821,Högsby,1,76.1,536428.417244473,6342179.27734585
08,Kalmar län,0821,Högsby,1,76.1,538161.882579261,6345218.83275936
08,Kalmar län,0821,Högsby,1,76.1,546560.222006256,6341334.46511319
08,Kalmar län,0821,Högsby,1,76.1,547543.242955592,6344855.01496817
08,Kalmar län,0821,Högsby,1,76.1,554103.45247291,6346189.27822485
08,Kalmar län,0834,Torsås,1,77.1,565045.720328302,6242651.60410425
08,Kalmar län,0834,Torsås,1,77.1,561086.352517434,6240646.80847148
08,Kalmar län,0834,Torsås,1,77.1,558484.107612639,6242525.77610838
08,Kalmar län,0834,Torsås,1,77.1,552626.553186073,6242125.26682317
08,Kalmar län,0834,Torsås,1,77.1,549076.771239506,6244503.9578031
08,Kalmar län,0834,Torsås,1,77.1,545075.618023028,6251958.74740294
08,Kalmar län,0834,Torsås,1,77.1,541770.581896992,6252903.68500762
08,Kalmar län,0834,Torsås,1,77.1,540405.899339331,6255726.78542676
08,Kalmar län,0834,Torsås,1,77.1,543650.728197261,6259147.77777681
08,Kalmar län,0834,Torsås,1,77.1,543070.344628814,6263029.748327
08,Kalmar län,0834,Torsås,1,77.1,546668.213931961,6266011.05554743
08,Kalmar län,0834,Torsås,1,77.1,549827.820275158,6264343.67655058
08,Kalmar län,0834,Torsås,1,77.1,556852.769438559,6264423.13848205
08,Kalmar län,0834,Torsås,1,77.1,561167.196362468,6265385.51451767
08,Kalmar län,0834,Torsås,1,77.1,561524.510293369,6263135.37464961
08,Kalmar län,0834,Torsås,1,77.1,568960.759556687,6259012.84447255
08,Kalmar län,0834,Torsås,1,77.1,566877.288264586,6251516.53590109
08,Kalmar län,0834,Torsås,1,77.1,565045.720328302,6242651.60410425
08,Kalmar län,0840,Mörbylånga,1,78.1,593239.563891658,6239537.69372227
08,Kalmar län,0840,Mörbylånga,1,78.1,591337.482180909,6233094.06629299
08,Kalmar län,0840,Mörbylånga,1,78.1,587336.768163617,6229483.180548
08,Kalmar län,0840,Mörbylånga,1,78.1,587764.88351515,6235274.6876778
08,Kalmar län,0840,Mörbylånga,1,78.1,586572.55078127,6237208.22100461
08,Kalmar län,0840,Mörbylånga,1,78.1,586690.1635201,6254901.97658606
08,Kalmar län,0840,Mörbylånga,1,78.1,585346.171416402,6255443.06675242
08,Kalmar län,0840,Mörbylånga,1,78.1,584772.37496039,6266769.34849285
08,Kalmar län,0840,Mörbylånga,1,78.1,585269.481405489,6271345.98383612
08,Kalmar län,0840,Mörbylånga,1,78.1,588274.766105752,6276870.86275074
08,Kalmar län,0840,Mörbylånga,1,78.1,589318.777354979,6282798.60295105
08,Kalmar län,0840,Mörbylånga,1,78.1,592955.245089221,6292280.97417433
08,Kalmar län,0840,Mörbylånga,1,78.1,596985.0094213,6292469.38188822
08,Kalmar län,0840,Mörbylånga,1,78.1,598992.919804044,6290651.47693071
08,Kalmar län,0840,Mörbylånga,1,78.1,597991.253363999,6285122.05092347
08,Kalmar län,0840,Mörbylånga,1,78.1,600175.664720902,6283086.25689845
08,Kalmar län,0840,Mörbylånga,1,78.1,602132.632826833,6284492.9365412705
08,Kalmar län,0840,Mörbylånga,1,78.1,604294.321754131,6282860.76104447
08,Kalmar län,0840,Mörbylånga,1,78.1,603293.703275152,6276726.46531191
08,Kalmar län,0840,Mörbylånga,1,78.1,603827.588694414,6274258.34396396
08,Kalmar län,0840,Mörbylånga,1,78.1,600663.074613058,6270962.94581195
08,Kalmar län,0840,Mörbylånga,1,78.1,600300.178735603,6265768.95934873
08,Kalmar län,0840,Mörbylånga,1,78.1,598552.147971231,6258908.12042688
08,Kalmar län,0840,Mörbylånga,1,78.1,596076.30505869,6252724.61533475
08,Kalmar län,0840,Mörbylånga,1,78.1,597074.71964362,6249000.25078932
08,Kalmar län,0840,Mörbylånga,1,78.1,593239.563891658,6239537.69372227
08,Kalmar län,0860,Hultsfred,1,79.1,570907.737547665,6375439.05574835
08,Kalmar län,0860,Hultsfred,1,79.1,572273.062089467,6372011.22830961
08,Kalmar län,0860,Hultsfred,1,79.1,566837.183557885,6363787.04188611
08,Kalmar län,0860,Hultsfred,1,79.1,563704.994674712,6366323.15833959
08,Kalmar län,0860,Hultsfred,1,79.1,558684.469116499,6366237.61559541
08,Kalmar län,0860,Hultsfred,1,79.1,558998.785375944,6363590.11646896
08,Kalmar län,0860,Hultsfred,1,79.1,561622.93832861,6361910.7343659
08,Kalmar län,0860,Hultsfred,1,79.1,563281.262562487,6358722.32776708
08,Kalmar län,0860,Hultsfred,1,79.1,563913.310080696,6351614.86135173
08,Kalmar län,0860,Hultsfred,1,79.1,563062.562261075,6347476.98684904
08,Kalmar län,0860,Hultsfred,1,79.1,558641.026914776,6345520.20072579
08,Kalmar län,0860,Hultsfred,1,79.1,554103.45247291,6346189.27822485
08,Kalmar län,0860,Hultsfred,1,79.1,547543.242955592,6344855.01496817
08,Kalmar län,0860,Hultsfred,1,79.1,546560.222006256,6341334.46511319
08,Kalmar län,0860,Hultsfred,1,79.1,538161.882579261,6345218.83275936
08,Kalmar län,0860,Hultsfred,1,79.1,536428.417244473,6342179.27734585
08,Kalmar län,0860,Hultsfred,1,79.1,533213.298466014,6342108.25341974
08,Kalmar län,0860,Hultsfred,1,79.1,532007.385630553,6339767.74559126
08,Kalmar län,0860,Hultsfred,1,79.1,530102.925478074,6344844.53665193
08,Kalmar län,0860,Hultsfred,1,79.1,528052.8092267,6346262.7983804
08,Kalmar län,0860,Hultsfred,1,79.1,527686.383947089,6352134.50533681
08,Kalmar län,0860,Hultsfred,1,79.1,530501.667081556,6354057.23152274
08,Kalmar län,0860,Hultsfred,1,79.1,529433.485141334,6358995.95029191
08,Kalmar län,0860,Hultsfred,1,79.1,530265.985211386,6361123.12334201
08,Kalmar län,0860,Hultsfred,1,79.1,529923.081582904,6367194.06160111
08,Kalmar län,0860,Hultsfred,1,79.1,532779.616735724,6369514.19808088
08,Kalmar län,0860,Hultsfred,1,79.1,536132.507094239,6367156.75419952
08,Kalmar län,0860,Hultsfred,1,79.1,536275.94158862,6372171.84528696
08,Kalmar län,0860,Hultsfred,1,79.1,538076.684740725,6373997.63546749
08,Kalmar län,0860,Hultsfred,1,79.1,537212.056074302,6377105.38196003
08,Kalmar län,0860,Hultsfred,1,79.1,534585.787000407,6379387.44944539
08,Kalmar län,0860,Hultsfred,1,79.1,539020.696955099,6385166.30219728
08,Kalmar län,0860,Hultsfred,1,79.1,545060.335532085,6382933.78114005
08,Kalmar län,0860,Hultsfred,1,79.1,547051.195272536,6379106.62061233
08,Kalmar län,0860,Hultsfred,1,79.1,549761.842938089,6378224.0932043
08,Kalmar län,0860,Hultsfred,1,79.1,551097.836038571,6381305.03089446
08,Kalmar län,0860,Hultsfred,1,79.1,558778.702662975,6383731.58302722
08,Kalmar län,0860,Hultsfred,1,79.1,562754.95860341,6377889.52833129
08,Kalmar län,0860,Hultsfred,1,79.1,566654.791549393,6376883.13767272
08,Kalmar län,0860,Hultsfred,1,79.1,567981.718867029,6374331.62070841
08,Kalmar län,0860,Hultsfred,1,79.1,570907.737547665,6375439.05574835
01,Stockholms län,0128,Salem,1,8.1,652018.548439202,6569651.25039054
01,Stockholms län,0128,Salem,1,8.1,652064.326497577,6570660.6217527
01,Stockholms län,0128,Salem,1,8.1,651658.572221778,6570811.67653164
01,Stockholms län,0128,Salem,1,8.1,651704.147717248,6571672.07026708
01,Stockholms län,0128,Salem,1,8.1,651335.505064948,6571896.56611524
01,Stockholms län,0128,Salem,1,8.1,650813.660156394,6571561.31537269
01,Stockholms län,0128,Salem,1,8.1,650033.506762739,6571337.9176036
01,Stockholms län,0128,Salem,1,8.1,649046.570790661,6571513.93604425
01,Stockholms län,0128,Salem,1,8.1,648818.767407845,6572162.06109315
01,Stockholms län,0128,Salem,1,8.1,648378.949329098,6572649.63681063
01,Stockholms län,0128,Salem,1,8.1,648051.311713559,6573285.55403684
01,Stockholms län,0128,Salem,1,8.1,648356.48197951,6574258.06471102
01,Stockholms län,0128,Salem,1,8.1,649472.408160876,6574742.47172818
01,Stockholms län,0128,Salem,1,8.1,650097.836096605,6574367.12152568
01,Stockholms län,0128,Salem,1,8.1,651247.731892327,6574440.0230805
01,Stockholms län,0128,Salem,1,8.1,651290.668319517,6575188.40608372
01,Stockholms län,0128,Salem,1,8.1,652881.035557548,6574885.71885292
01,Stockholms län,0128,Salem,1,8.1,654317.206663196,6574023.2595293
01,Stockholms län,0128,Salem,1,8.1,654824.609897445,6572825.61927383
01,Stockholms län,0128,Salem,1,8.1,656023.1148349,6571774.3268534
01,Stockholms län,0128,Salem,1,8.1,656026.731742623,6571475.41965672
01,Stockholms län,0128,Salem,1,8.1,657692.735367809,6569714.89838684
01,Stockholms län,0128,Salem,1,8.1,657573.103585626,6567619.83061542
01,Stockholms län,0128,Salem,1,8.1,659106.623117311,6564660.91860091
01,Stockholms län,0128,Salem,1,8.1,656105.485608833,6563062.90831626
01,Stockholms län,0128,Salem,1,8.1,654816.014125907,6563700.20344084
01,Stockholms län,0128,Salem,1,8.1,654899.885137124,6564785.01107399
01,Stockholms län,0128,Salem,1,8.1,654758.399098509,6565571.16257605
01,Stockholms län,0128,Salem,1,8.1,652785.982852636,6568528.74889856
01,Stockholms län,0128,Salem,1,8.1,652078.087249072,6568118.25641398
01,Stockholms län,0128,Salem,1,8.1,651228.411444474,6568269.95185282
01,Stockholms län,0128,Salem,1,8.1,650903.154357108,6569204.84082267
01,Stockholms län,0128,Salem,1,8.1,650980.721761918,6569652.69326477
01,Stockholms län,0128,Salem,1,8.1,652018.548439202,6569651.25039054
08,Kalmar län,0861,Mönsterås,1,80.1,584907.553927171,6338181.12356732
08,Kalmar län,0861,Mönsterås,1,80.1,587298.103260554,6332501.87659341
08,Kalmar län,0861,Mönsterås,1,80.1,590643.430056635,6333162.26526959
08,Kalmar län,0861,Mönsterås,1,80.1,595736.748166175,6330827.08211183
08,Kalmar län,0861,Mönsterås,1,80.1,590445.883922583,6322720.60682039
08,Kalmar län,0861,Mönsterås,1,80.1,588388.555770851,6316695.87349848
08,Kalmar län,0861,Mönsterås,1,80.1,588861.002696168,6311817.71458991
08,Kalmar län,0861,Mönsterås,1,80.1,587471.458948703,6305790.88393771
08,Kalmar län,0861,Mönsterås,1,80.1,583278.488064625,6306560.23697388
08,Kalmar län,0861,Mönsterås,1,80.1,575069.778215369,6310962.22656472
08,Kalmar län,0861,Mönsterås,1,80.1,572511.220335525,6316323.53950626
08,Kalmar län,0861,Mönsterås,1,80.1,575878.011434331,6317786.88349939
08,Kalmar län,0861,Mönsterås,1,80.1,577296.46128052,6323474.08538365
08,Kalmar län,0861,Mönsterås,1,80.1,568692.884289797,6331002.31353809
08,Kalmar län,0861,Mönsterås,1,80.1,569905.528901895,6344020.99024568
08,Kalmar län,0861,Mönsterås,1,80.1,572651.287810538,6343469.64726095
08,Kalmar län,0861,Mönsterås,1,80.1,580354.087653322,6346096.11708335
08,Kalmar län,0861,Mönsterås,1,80.1,582715.169930184,6343839.67744629
08,Kalmar län,0861,Mönsterås,1,80.1,581577.185917788,6340738.03143153
08,Kalmar län,0861,Mönsterås,1,80.1,584907.553927171,6338181.12356732
08,Kalmar län,0862,Emmaboda,1,81.1,542166.982295095,6295312.9547759
08,Kalmar län,0862,Emmaboda,1,81.1,543777.371472771,6293538.48672861
08,Kalmar län,0862,Emmaboda,1,81.1,541215.33296891,6286560.51553439
08,Kalmar län,0862,Emmaboda,1,81.1,538577.380816428,6284418.15352655
08,Kalmar län,0862,Emmaboda,1,81.1,538451.784180302,6281412.63985739
08,Kalmar län,0862,Emmaboda,1,81.1,541007.440085374,6280947.84633733
08,Kalmar län,0862,Emmaboda,1,81.1,541457.982750498,6275871.75615514
08,Kalmar län,0862,Emmaboda,1,81.1,547071.115767626,6273414.49860056
08,Kalmar län,0862,Emmaboda,1,81.1,546710.094362864,6270702.09451391
08,Kalmar län,0862,Emmaboda,1,81.1,545503.635778972,6268815.5063813
08,Kalmar län,0862,Emmaboda,1,81.1,546668.213931961,6266011.05554743
08,Kalmar län,0862,Emmaboda,1,81.1,543070.344628814,6263029.748327
08,Kalmar län,0862,Emmaboda,1,81.1,543650.728197261,6259147.77777681
08,Kalmar län,0862,Emmaboda,1,81.1,540405.899339331,6255726.78542676
08,Kalmar län,0862,Emmaboda,1,81.1,539380.710778128,6258582.84245773
08,Kalmar län,0862,Emmaboda,1,81.1,536363.737595185,6258492.47262061
08,Kalmar län,0862,Emmaboda,1,81.1,534726.510930937,6261880.16128022
08,Kalmar län,0862,Emmaboda,1,81.1,530297.408469889,6263545.6146114
08,Kalmar län,0862,Emmaboda,1,81.1,529628.902272071,6259858.98067658
08,Kalmar län,0862,Emmaboda,1,81.1,524487.634320535,6261732.01256066
08,Kalmar län,0862,Emmaboda,1,81.1,520658.561272628,6260315.54930936
08,Kalmar län,0862,Emmaboda,1,81.1,521019.286084952,6266716.59561528
08,Kalmar län,0862,Emmaboda,1,81.1,522799.57741847,6268342.95144245
08,Kalmar län,0862,Emmaboda,1,81.1,522216.966355013,6273432.37435132
08,Kalmar län,0862,Emmaboda,1,81.1,525664.843600239,6278107.33684571
08,Kalmar län,0862,Emmaboda,1,81.1,524976.129062348,6280994.26532198
08,Kalmar län,0862,Emmaboda,1,81.1,525691.951317529,6285748.08742402
08,Kalmar län,0862,Emmaboda,1,81.1,521846.41413126,6292784.44684575
08,Kalmar län,0862,Emmaboda,1,81.1,526686.868090503,6294899.74193785
08,Kalmar län,0862,Emmaboda,1,81.1,533004.499294876,6295857.85214165
08,Kalmar län,0862,Emmaboda,1,81.1,533642.994279037,6299278.25293034
08,Kalmar län,0862,Emmaboda,1,81.1,539098.034626823,6298446.80598314
08,Kalmar län,0862,Emmaboda,1,81.1,540139.894771762,6295120.14330753
08,Kalmar län,0862,Emmaboda,1,81.1,542166.982295095,6295312.9547759
08,Kalmar län,0880,Kalmar,1,82.1,556852.769438559,6264423.13848205
08,Kalmar län,0880,Kalmar,1,82.1,549827.820275158,6264343.67655058
08,Kalmar län,0880,Kalmar,1,82.1,546668.213931961,6266011.05554743
08,Kalmar län,0880,Kalmar,1,82.1,545503.635778972,6268815.5063813
08,Kalmar län,0880,Kalmar,1,82.1,546710.094362864,6270702.09451391
08,Kalmar län,0880,Kalmar,1,82.1,547071.115767626,6273414.49860056
08,Kalmar län,0880,Kalmar,1,82.1,554123.820115228,6274362.10724334
08,Kalmar län,0880,Kalmar,1,82.1,557284.852816207,6279467.73911258
08,Kalmar län,0880,Kalmar,1,82.1,554811.455470011,6282539.73522042
08,Kalmar län,0880,Kalmar,1,82.1,558178.235139263,6284002.91060324
08,Kalmar län,0880,Kalmar,1,82.1,564899.109990934,6281296.75638032
08,Kalmar län,0880,Kalmar,1,82.1,565462.08884606,6286469.8954032
08,Kalmar län,0880,Kalmar,1,82.1,562923.684770896,6288945.3081744
08,Kalmar län,0880,Kalmar,1,82.1,568690.368628863,6290360.78579379
08,Kalmar län,0880,Kalmar,1,82.1,567665.797447538,6295698.20343512
08,Kalmar län,0880,Kalmar,1,82.1,567633.133886591,6300932.33840888
08,Kalmar län,0880,Kalmar,1,82.1,569969.058188195,6300289.04342351
08,Kalmar län,0880,Kalmar,1,82.1,571634.441916768,6304543.48383643
08,Kalmar län,0880,Kalmar,1,82.1,571363.592933652,6307589.43918414
08,Kalmar län,0880,Kalmar,1,82.1,575069.778215369,6310962.22656472
08,Kalmar län,0880,Kalmar,1,82.1,583278.488064625,6306560.23697388
08,Kalmar län,0880,Kalmar,1,82.1,587471.458948703,6305790.88393771
08,Kalmar län,0880,Kalmar,1,82.1,585900.668026482,6295626.02894362
08,Kalmar län,0880,Kalmar,1,82.1,588055.777783387,6297012.05173754
08,Kalmar län,0880,Kalmar,1,82.1,589758.218412762,6294220.82704907
08,Kalmar län,0880,Kalmar,1,82.1,587911.872395154,6291997.66032274
08,Kalmar län,0880,Kalmar,1,82.1,585332.073803275,6294075.73671593
08,Kalmar län,0880,Kalmar,1,82.1,582909.784195711,6282856.19338701
08,Kalmar län,0880,Kalmar,1,82.1,578376.423094068,6281715.16898936
08,Kalmar län,0880,Kalmar,1,82.1,575789.227630538,6276349.21322127
08,Kalmar län,0880,Kalmar,1,82.1,575024.713612194,6273008.14081929
08,Kalmar län,0880,Kalmar,1,82.1,575256.394778743,6267752.31035525
08,Kalmar län,0880,Kalmar,1,82.1,572946.40091601,6266784.44626969
08,Kalmar län,0880,Kalmar,1,82.1,571591.566957371,6261692.96431895
08,Kalmar län,0880,Kalmar,1,82.1,568960.759556687,6259012.84447255
08,Kalmar län,0880,Kalmar,1,82.1,561524.510293369,6263135.37464961
08,Kalmar län,0880,Kalmar,1,82.1,561167.196362468,6265385.51451767
08,Kalmar län,0880,Kalmar,1,82.1,556852.769438559,6264423.13848205
08,Kalmar län,0881,Nybro,1,83.1,542166.982295095,6295312.9547759
08,Kalmar län,0881,Nybro,1,83.1,540139.894771762,6295120.14330753
08,Kalmar län,0881,Nybro,1,83.1,539098.034626823,6298446.80598314
08,Kalmar län,0881,Nybro,1,83.1,533642.994279037,6299278.25293034
08,Kalmar län,0881,Nybro,1,83.1,531051.407628962,6306185.44749483
08,Kalmar län,0881,Nybro,1,83.1,531150.17995482,6308321.91378514
08,Kalmar län,0881,Nybro,1,83.1,533702.472179192,6309667.57423941
08,Kalmar län,0881,Nybro,1,83.1,539696.452942105,6307640.92988684
08,Kalmar län,0881,Nybro,1,83.1,542161.188563493,6308190.83150701
08,Kalmar län,0881,Nybro,1,83.1,549250.014985684,6308866.23833263
08,Kalmar län,0881,Nybro,1,83.1,551131.766495784,6315110.53876324
08,Kalmar län,0881,Nybro,1,83.1,548477.322382176,6320213.63913382
08,Kalmar län,0881,Nybro,1,83.1,544642.011924425,6325504.69318227
08,Kalmar län,0881,Nybro,1,83.1,552690.492454663,6327624.15581244
08,Kalmar län,0881,Nybro,1,83.1,556455.956591507,6327235.7657372
08,Kalmar län,0881,Nybro,1,83.1,558951.158110355,6324363.10129999
08,Kalmar län,0881,Nybro,1,83.1,564452.939278023,6315947.52892269
08,Kalmar län,0881,Nybro,1,83.1,566210.561947417,6317376.86811078
08,Kalmar län,0881,Nybro,1,83.1,572511.220335525,6316323.53950626
08,Kalmar län,0881,Nybro,1,83.1,575069.778215369,6310962.22656472
08,Kalmar län,0881,Nybro,1,83.1,571363.592933652,6307589.43918414
08,Kalmar län,0881,Nybro,1,83.1,571634.441916768,6304543.48383643
08,Kalmar län,0881,Nybro,1,83.1,569969.058188195,6300289.04342351
08,Kalmar län,0881,Nybro,1,83.1,567633.133886591,6300932.33840888
08,Kalmar län,0881,Nybro,1,83.1,567665.797447538,6295698.20343512
08,Kalmar län,0881,Nybro,1,83.1,568690.368628863,6290360.78579379
08,Kalmar län,0881,Nybro,1,83.1,562923.684770896,6288945.3081744
08,Kalmar län,0881,Nybro,1,83.1,565462.08884606,6286469.8954032
08,Kalmar län,0881,Nybro,1,83.1,564899.109990934,6281296.75638032
08,Kalmar län,0881,Nybro,1,83.1,558178.235139263,6284002.91060324
08,Kalmar län,0881,Nybro,1,83.1,554811.455470011,6282539.73522042
08,Kalmar län,0881,Nybro,1,83.1,557284.852816207,6279467.73911258
08,Kalmar län,0881,Nybro,1,83.1,554123.820115228,6274362.10724334
08,Kalmar län,0881,Nybro,1,83.1,547071.115767626,6273414.49860056
08,Kalmar län,0881,Nybro,1,83.1,541457.982750498,6275871.75615514
08,Kalmar län,0881,Nybro,1,83.1,541007.440085374,6280947.84633733
08,Kalmar län,0881,Nybro,1,83.1,538451.784180302,6281412.63985739
08,Kalmar län,0881,Nybro,1,83.1,538577.380816428,6284418.15352655
08,Kalmar län,0881,Nybro,1,83.1,541215.33296891,6286560.51553439
08,Kalmar län,0881,Nybro,1,83.1,543777.371472771,6293538.48672861
08,Kalmar län,0881,Nybro,1,83.1,542166.982295095,6295312.9547759
08,Kalmar län,0882,Oskarshamn,1,84.1,584907.553927171,6338181.12356732
08,Kalmar län,0882,Oskarshamn,1,84.1,581577.185917788,6340738.03143153
08,Kalmar län,0882,Oskarshamn,1,84.1,582715.169930184,6343839.67744629
08,Kalmar län,0882,Oskarshamn,1,84.1,580354.087653322,6346096.11708335
08,Kalmar län,0882,Oskarshamn,1,84.1,572651.287810538,6343469.64726095
08,Kalmar län,0882,Oskarshamn,1,84.1,569905.528901895,6344020.99024568
08,Kalmar län,0882,Oskarshamn,1,84.1,571830.022569854,6346974.94880279
08,Kalmar län,0882,Oskarshamn,1,84.1,564455.296699405,6345523.0432085
08,Kalmar län,0882,Oskarshamn,1,84.1,563062.562261075,6347476.98684904
08,Kalmar län,0882,Oskarshamn,1,84.1,563913.310080696,6351614.86135173
08,Kalmar län,0882,Oskarshamn,1,84.1,563281.262562487,6358722.32776708
08,Kalmar län,0882,Oskarshamn,1,84.1,561622.93832861,6361910.7343659
08,Kalmar län,0882,Oskarshamn,1,84.1,558998.785375944,6363590.11646896
08,Kalmar län,0882,Oskarshamn,1,84.1,558684.469116499,6366237.61559541
08,Kalmar län,0882,Oskarshamn,1,84.1,563704.994674712,6366323.15833959
08,Kalmar län,0882,Oskarshamn,1,84.1,566837.183557885,6363787.04188611
08,Kalmar län,0882,Oskarshamn,1,84.1,572273.062089467,6372011.22830961
08,Kalmar län,0882,Oskarshamn,1,84.1,577333.788494338,6377390.8352635
08,Kalmar län,0882,Oskarshamn,1,84.1,580199.467439682,6376089.22785787
08,Kalmar län,0882,Oskarshamn,1,84.1,587289.552250068,6376766.25333802
08,Kalmar län,0882,Oskarshamn,1,84.1,587549.126666634,6379153.70920202
08,Kalmar län,0882,Oskarshamn,1,84.1,589872.604424977,6383944.07561303
08,Kalmar län,0882,Oskarshamn,1,84.1,594395.984837003,6383142.04570445
08,Kalmar län,0882,Oskarshamn,1,84.1,599908.481402789,6376672.14658667
08,Kalmar län,0882,Oskarshamn,1,84.1,601283.223430052,6372707.4399641
08,Kalmar län,0882,Oskarshamn,1,84.1,599359.532014631,6366064.23067801
08,Kalmar län,0882,Oskarshamn,1,84.1,597302.496056604,6360039.33010192
08,Kalmar län,0882,Oskarshamn,1,84.1,593074.546370637,6359872.24243545
08,Kalmar län,0882,Oskarshamn,1,84.1,593814.804845949,6353759.56027495
08,Kalmar län,0882,Oskarshamn,1,84.1,589220.021814359,6350211.03230403
08,Kalmar län,0882,Oskarshamn,1,84.1,590442.162219121,6344852.88453146
08,Kalmar län,0882,Oskarshamn,1,84.1,588359.91897139,6340440.38178464
08,Kalmar län,0882,Oskarshamn,1,84.1,590643.430056635,6333162.26526959
08,Kalmar län,0882,Oskarshamn,1,84.1,587298.103260554,6332501.87659341
08,Kalmar län,0882,Oskarshamn,1,84.1,584907.553927171,6338181.12356732
08,Kalmar län,0883,Västervik,1,85.1,603457.321485199,6414935.06079818
08,Kalmar län,0883,Västervik,1,85.1,599949.063881824,6417711.54582124
08,Kalmar län,0883,Västervik,1,85.1,594838.247214927,6418641.3704273
08,Kalmar län,0883,Västervik,1,85.1,590996.870469151,6412800.05759974
08,Kalmar län,0883,Västervik,1,85.1,596211.453671629,6405422.0483564
08,Kalmar län,0883,Västervik,1,85.1,600709.612186298,6402544.32685623
08,Kalmar län,0883,Västervik,1,85.1,600920.49877284,6397089.17383006
08,Kalmar län,0883,Västervik,1,85.1,597489.863916885,6395028.85576621
08,Kalmar län,0883,Västervik,1,85.1,595804.261234352,6390574.91569912
08,Kalmar län,0883,Västervik,1,85.1,597902.412120871,6387743.57647758
08,Kalmar län,0883,Västervik,1,85.1,601885.394896155,6389344.53649861
08,Kalmar län,0883,Västervik,1,85.1,601892.462236594,6385722.50134558
08,Kalmar län,0883,Västervik,1,85.1,599870.780990542,6383717.96176567
08,Kalmar län,0883,Västervik,1,85.1,594395.984837003,6383142.04570445
08,Kalmar län,0883,Västervik,1,85.1,589872.604424977,6383944.07561303
08,Kalmar län,0883,Västervik,1,85.1,587549.126666634,6379153.70920202
08,Kalmar län,0883,Västervik,1,85.1,587289.552250068,6376766.25333802
08,Kalmar län,0883,Västervik,1,85.1,580199.467439682,6376089.22785787
08,Kalmar län,0883,Västervik,1,85.1,577333.788494338,6377390.8352635
08,Kalmar län,0883,Västervik,1,85.1,572362.99202119,6385147.63641496
08,Kalmar län,0883,Västervik,1,85.1,573349.410409604,6386855.89378194
08,Kalmar län,0883,Västervik,1,85.1,571561.169406576,6388852.07963041
08,Kalmar län,0883,Västervik,1,85.1,568790.085432382,6387326.55142163
08,Kalmar län,0883,Västervik,1,85.1,566118.073027965,6390418.90780813
08,Kalmar län,0883,Västervik,1,85.1,566770.430652445,6394576.47796668
08,Kalmar län,0883,Västervik,1,85.1,568968.564888767,6396362.1279695
08,Kalmar län,0883,Västervik,1,85.1,567214.468250177,6402376.54232307
08,Kalmar län,0883,Västervik,1,85.1,566160.413444747,6411136.4935989
08,Kalmar län,0883,Västervik,1,85.1,563279.321123926,6414150.28970837
08,Kalmar län,0883,Västervik,1,85.1,560339.586925236,6424009.36343398
08,Kalmar län,0883,Västervik,1,85.1,562977.250544523,6426152.21905076
08,Kalmar län,0883,Västervik,1,85.1,558116.812669326,6433092.16492045
08,Kalmar län,0883,Västervik,1,85.1,558882.042504422,6438913.60283488
08,Kalmar län,0883,Västervik,1,85.1,564379.395741668,6439085.24545262
08,Kalmar län,0883,Västervik,1,85.1,565883.07600352,6436314.00658243
08,Kalmar län,0883,Västervik,1,85.1,569339.729883069,6436763.17114773
08,Kalmar län,0883,Västervik,1,85.1,567831.40510864,6441344.85745351
08,Kalmar län,0883,Västervik,1,85.1,569435.873783001,6443191.51233977
08,Kalmar län,0883,Västervik,1,85.1,573655.393658694,6446980.90915572
08,Kalmar län,0883,Västervik,1,85.1,576171.659593532,6444307.73093194
08,Kalmar län,0883,Västervik,1,85.1,580739.58869308,6446384.79193997
08,Kalmar län,0883,Västervik,1,85.1,586622.254260227,6439005.06918326
08,Kalmar län,0883,Västervik,1,85.1,588419.325143347,6442641.60133763
08,Kalmar län,0883,Västervik,1,85.1,592034.671234977,6440861.26719825
08,Kalmar län,0883,Västervik,1,85.1,595322.687190129,6428651.6317965
08,Kalmar län,0883,Västervik,1,85.1,599860.54453575,6427982.9661459
08,Kalmar län,0883,Västervik,1,85.1,603340.560174299,6430506.89978256
08,Kalmar län,0883,Västervik,1,85.1,604566.219155411,6421461.7109859
08,Kalmar län,0883,Västervik,1,85.1,603457.321485199,6414935.06079818
08,Kalmar län,0884,Vimmerby,1,86.1,570907.737547665,6375439.05574835
08,Kalmar län,0884,Vimmerby,1,86.1,567981.718867029,6374331.62070841
08,Kalmar län,0884,Vimmerby,1,86.1,566654.791549393,6376883.13767272
08,Kalmar län,0884,Vimmerby,1,86.1,562754.95860341,6377889.52833129
08,Kalmar län,0884,Vimmerby,1,86.1,558778.702662975,6383731.58302722
08,Kalmar län,0884,Vimmerby,1,86.1,551097.836038571,6381305.03089446
08,Kalmar län,0884,Vimmerby,1,86.1,549761.842938089,6378224.0932043
08,Kalmar län,0884,Vimmerby,1,86.1,547051.195272536,6379106.62061233
08,Kalmar län,0884,Vimmerby,1,86.1,545060.335532085,6382933.78114005
08,Kalmar län,0884,Vimmerby,1,86.1,539020.696955099,6385166.30219728
08,Kalmar län,0884,Vimmerby,1,86.1,530573.061187995,6391671.74932833
08,Kalmar län,0884,Vimmerby,1,86.1,526254.405082118,6392519.10445543
08,Kalmar län,0884,Vimmerby,1,86.1,524772.585542392,6395487.48033203
08,Kalmar län,0884,Vimmerby,1,86.1,525531.998345735,6400640.80008439
08,Kalmar län,0884,Vimmerby,1,86.1,527178.715785998,6402885.66208896
08,Kalmar län,0884,Vimmerby,1,86.1,530726.306999793,6402318.09067102
08,Kalmar län,0884,Vimmerby,1,86.1,531877.232192347,6406155.5429126
08,Kalmar län,0884,Vimmerby,1,86.1,535091.602308116,6409310.82361105
08,Kalmar län,0884,Vimmerby,1,86.1,534445.641013262,6412597.05875391
08,Kalmar län,0884,Vimmerby,1,86.1,539794.923994672,6413856.42318335
08,Kalmar län,0884,Vimmerby,1,86.1,546185.571071168,6411789.24940084
08,Kalmar län,0884,Vimmerby,1,86.1,547206.267198202,6408263.49577758
08,Kalmar län,0884,Vimmerby,1,86.1,551452.021381174,6410441.42346136
08,Kalmar län,0884,Vimmerby,1,86.1,554627.544963819,6408302.89778062
08,Kalmar län,0884,Vimmerby,1,86.1,560429.032147166,6413740.42913218
08,Kalmar län,0884,Vimmerby,1,86.1,563279.321123926,6414150.28970837
08,Kalmar län,0884,Vimmerby,1,86.1,566160.413444747,6411136.4935989
08,Kalmar län,0884,Vimmerby,1,86.1,567214.468250177,6402376.54232307
08,Kalmar län,0884,Vimmerby,1,86.1,568968.564888767,6396362.1279695
08,Kalmar län,0884,Vimmerby,1,86.1,566770.430652445,6394576.47796668
08,Kalmar län,0884,Vimmerby,1,86.1,566118.073027965,6390418.90780813
08,Kalmar län,0884,Vimmerby,1,86.1,568790.085432382,6387326.55142163
08,Kalmar län,0884,Vimmerby,1,86.1,571561.169406576,6388852.07963041
08,Kalmar län,0884,Vimmerby,1,86.1,573349.410409604,6386855.89378194
08,Kalmar län,0884,Vimmerby,1,86.1,572362.99202119,6385147.63641496
08,Kalmar län,0884,Vimmerby,1,86.1,577333.788494338,6377390.8352635
08,Kalmar län,0884,Vimmerby,1,86.1,572273.062089467,6372011.22830961
08,Kalmar län,0884,Vimmerby,1,86.1,570907.737547665,6375439.05574835
08,Kalmar län,0885,Borgholm,1,87.1,614407.510044824,6332922.32962079
08,Kalmar län,0885,Borgholm,1,87.1,615825.886853381,6338611.80882894
08,Kalmar län,0885,Borgholm,1,87.1,615025.242726166,6342315.4918953
08,Kalmar län,0885,Borgholm,1,87.1,617401.165647923,6343882.26263783
08,Kalmar län,0885,Borgholm,1,87.1,617987.877905509,6347442.41509224
08,Kalmar län,0885,Borgholm,1,87.1,618393.542109392,6353034.96778827
08,Kalmar län,0885,Borgholm,1,87.1,621532.693053371,6357942.0809854
08,Kalmar län,0885,Borgholm,1,87.1,623972.519904462,6360104.53752133
08,Kalmar län,0885,Borgholm,1,87.1,625386.036317004,6358348.67369362
08,Kalmar län,0885,Borgholm,1,87.1,627101.45071934,6359378.78678261
08,Kalmar län,0885,Borgholm,1,87.1,628233.688017105,6355036.13748197
08,Kalmar län,0885,Borgholm,1,87.1,625242.508884648,6353333.05283071
08,Kalmar län,0885,Borgholm,1,87.1,623818.745789533,6349456.02339533
08,Kalmar län,0885,Borgholm,1,87.1,624750.275251289,6346945.60269514
08,Kalmar län,0885,Borgholm,1,87.1,624829.958498848,6340296.97098362
08,Kalmar län,0885,Borgholm,1,87.1,623247.797785906,6338649.60757033
08,Kalmar län,0885,Borgholm,1,87.1,620332.773539523,6332110.56692779
08,Kalmar län,0885,Borgholm,1,87.1,618301.502002696,6324472.25438098
08,Kalmar län,0885,Borgholm,1,87.1,615901.483307002,6324519.89535585
08,Kalmar län,0885,Borgholm,1,87.1,617515.500919213,6320931.76999247
08,Kalmar län,0885,Borgholm,1,87.1,614174.562061198,6317857.00509408
08,Kalmar län,0885,Borgholm,1,87.1,614147.776265095,6310213.43929132
08,Kalmar län,0885,Borgholm,1,87.1,612875.37096999,6307728.99789225
08,Kalmar län,0885,Borgholm,1,87.1,613102.927128456,6304285.47692861
08,Kalmar län,0885,Borgholm,1,87.1,611459.110580321,6300230.02929962
08,Kalmar län,0885,Borgholm,1,87.1,608554.489272638,6299322.01639807
08,Kalmar län,0885,Borgholm,1,87.1,604294.321754131,6282860.76104447
08,Kalmar län,0885,Borgholm,1,87.1,602132.632826833,6284492.9365412705
08,Kalmar län,0885,Borgholm,1,87.1,600175.664720902,6283086.25689845
08,Kalmar län,0885,Borgholm,1,87.1,597991.253363999,6285122.05092347
08,Kalmar län,0885,Borgholm,1,87.1,598992.919804044,6290651.47693071
08,Kalmar län,0885,Borgholm,1,87.1,596985.0094213,6292469.38188822
08,Kalmar län,0885,Borgholm,1,87.1,592955.245089221,6292280.97417433
08,Kalmar län,0885,Borgholm,1,87.1,596068.670685474,6298800.01147664
08,Kalmar län,0885,Borgholm,1,87.1,597991.885856708,6305443.02480637
08,Kalmar län,0885,Borgholm,1,87.1,600431.783329634,6307605.26806888
08,Kalmar län,0885,Borgholm,1,87.1,604044.564402409,6307634.8690825
08,Kalmar län,0885,Borgholm,1,87.1,605792.179981797,6314496.84098036
08,Kalmar län,0885,Borgholm,1,87.1,607585.440463234,6319944.72356544
08,Kalmar län,0885,Borgholm,1,87.1,610046.971504839,6322306.240435
08,Kalmar län,0885,Borgholm,1,87.1,611754.600251482,6326959.33132959
08,Kalmar län,0885,Borgholm,1,87.1,614407.510044824,6332922.32962079
09,Gotlands län,0980,Gotland,1,88.1,706594.723264277,6415768.60312264
09,Gotlands län,0980,Gotland,1,88.1,709939.249776897,6417033.33301926
09,Gotlands län,0980,Gotland,1,88.1,712646.868797468,6417961.5262649
09,Gotlands län,0980,Gotland,1,88.1,713759.488505042,6422676.27076605
09,Gotlands län,0980,Gotland,1,88.1,716419.253992775,6425017.75195351
09,Gotlands län,0980,Gotland,1,88.1,719432.218513034,6426920.51297584
09,Gotlands län,0980,Gotland,1,88.1,723703.492167426,6418229.37988899
09,Gotlands län,0980,Gotland,1,88.1,726130.578450575,6425827.58632257
09,Gotlands län,0980,Gotland,1,88.1,728415.536352113,6428409.61510738
09,Gotlands län,0980,Gotland,1,88.1,736855.773800107,6426734.53588847
09,Gotlands län,0980,Gotland,1,88.1,739955.304208052,6429432.31747904
09,Gotlands län,0980,Gotland,1,88.1,740848.029500228,6433969.61900851
09,Gotlands län,0980,Gotland,1,88.1,745158.529720923,6436744.90040592
09,Gotlands län,0980,Gotland,1,88.1,750206.409945916,6435218.33783036
09,Gotlands län,0980,Gotland,1,88.1,753465.579192303,6435687.24808957
09,Gotlands län,0980,Gotland,1,88.1,754616.370097219,6433355.15037998
09,Gotlands län,0980,Gotland,1,88.1,752990.933661672,6431307.87398123
09,Gotlands län,0980,Gotland,1,88.1,748562.987214109,6431161.98646401
09,Gotlands län,0980,Gotland,1,88.1,744998.498455397,6429717.52103319
09,Gotlands län,0980,Gotland,1,88.1,743614.516639466,6428050.13079578
09,Gotlands län,0980,Gotland,1,88.1,744920.264889359,6425298.92391578
09,Gotlands län,0980,Gotland,1,88.1,742816.476633566,6420686.1782901
09,Gotlands län,0980,Gotland,1,88.1,739142.860628422,6418247.54150201
09,Gotlands län,0980,Gotland,1,88.1,737185.825735073,6416839.31705372
09,Gotlands län,0980,Gotland,1,88.1,737547.225999381,6412777.97054703
09,Gotlands län,0980,Gotland,1,88.1,733715.036574889,6412569.29694135
09,Gotlands län,0980,Gotland,1,88.1,733554.803492337,6405542.00673187
09,Gotlands län,0980,Gotland,1,88.1,729106.329852224,6405196.04710972
09,Gotlands län,0980,Gotland,1,88.1,725930.151990797,6407334.99772339
09,Gotlands län,0980,Gotland,1,88.1,725481.552617921,6401344.23569917
09,Gotlands län,0980,Gotland,1,88.1,723802.864396487,6393267.04897028
09,Gotlands län,0980,Gotland,1,88.1,725876.167900925,6392047.84029668
09,Gotlands län,0980,Gotland,1,88.1,725340.94036065,6385261.13243667
09,Gotlands län,0980,Gotland,1,88.1,723563.986188345,6381822.34429878
09,Gotlands län,0980,Gotland,1,88.1,726394.95979001,6376499.50186128
09,Gotlands län,0980,Gotland,1,88.1,730320.706975797,6373880.37585789
09,Gotlands län,0980,Gotland,1,88.1,734045.714385769,6373093.68127753
09,Gotlands län,0980,Gotland,1,88.1,732316.481517173,6368240.5711917
09,Gotlands län,0980,Gotland,1,88.1,727716.534191395,6366502.14158853
09,Gotlands län,0980,Gotland,1,88.1,723975.41009922,6365278.86433601
09,Gotlands län,0980,Gotland,1,88.1,720047.542185157,6358640.93482054
09,Gotlands län,0980,Gotland,1,88.1,720274.356173898,6355195.98088895
09,Gotlands län,0980,Gotland,1,88.1,722700.774369202,6353536.90231119
09,Gotlands län,0980,Gotland,1,88.1,720661.555276372,6349522.14017563
09,Gotlands län,0980,Gotland,1,88.1,713949.575721264,6346793.92796396
09,Gotlands län,0980,Gotland,1,88.1,713095.224859025,6344467.06800394
09,Gotlands län,0980,Gotland,1,88.1,704740.469094458,6337683.9583714
09,Gotlands län,0980,Gotland,1,88.1,707231.747908532,6336621.55599419
09,Gotlands län,0980,Gotland,1,88.1,701074.614215275,6331622.33249404
09,Gotlands län,0980,Gotland,1,88.1,701509.342432942,6324534.35149576
09,Gotlands län,0980,Gotland,1,88.1,704771.811213755,6323192.06347451
09,Gotlands län,0980,Gotland,1,88.1,700688.746899378,6316973.59872036
09,Gotlands län,0980,Gotland,1,88.1,694156.767867644,6312214.10378727
09,Gotlands län,0980,Gotland,1,88.1,690169.826169475,6312424.02724007
09,Gotlands län,0980,Gotland,1,88.1,693236.743872997,6320358.16041225
09,Gotlands län,0980,Gotland,1,88.1,693733.604692981,6324935.42258189
09,Gotlands län,0980,Gotland,1,88.1,697626.181563223,6327551.08355304
09,Gotlands län,0980,Gotland,1,88.1,698984.210740256,6330832.71897172
09,Gotlands län,0980,Gotland,1,88.1,698274.514361021,6333520.98577551
09,Gotlands län,0980,Gotland,1,88.1,694515.234289496,6330287.94984483
09,Gotlands län,0980,Gotland,1,88.1,693191.668147695,6331027.20749713
09,Gotlands län,0980,Gotland,1,88.1,693903.89400863,6337594.75753127
09,Gotlands län,0980,Gotland,1,88.1,691102.808324813,6339493.35308019
09,Gotlands län,0980,Gotland,1,88.1,689271.159321044,6341090.45518768
09,Gotlands län,0980,Gotland,1,88.1,689208.621759248,6349750.51445143
09,Gotlands län,0980,Gotland,1,88.1,685902.902951989,6350695.22460755
09,Gotlands län,0980,Gotland,1,88.1,686576.181520532,6355051.57392119
09,Gotlands län,0980,Gotland,1,88.1,689585.728506322,6358765.73353266
09,Gotlands län,0980,Gotland,1,88.1,690164.429244632,6365950.60699165
09,Gotlands län,0980,Gotland,1,88.1,687866.889924257,6368803.94047799
09,Gotlands län,0980,Gotland,1,88.1,686488.520412125,6374579.75250455
09,Gotlands län,0980,Gotland,1,88.1,685067.848434762,6379957.10571699
09,Gotlands län,0980,Gotland,1,88.1,685939.172187593,6384294.83565328
09,Gotlands län,0980,Gotland,1,88.1,690594.660395734,6390253.35620309
09,Gotlands län,0980,Gotland,1,88.1,693763.569908642,6391737.84140533
09,Gotlands län,0980,Gotland,1,88.1,697604.551015312,6397579.77865759
09,Gotlands län,0980,Gotland,1,88.1,701726.662989909,6406007.78242448
09,Gotlands län,0980,Gotland,1,88.1,703495.275858737,6413069.98029326
09,Gotlands län,0980,Gotland,1,88.1,706594.723264277,6415768.60312264
10,Blekinge län,1060,Olofström,1,89.1,477430.798846503,6228973.52484232
10,Blekinge län,1060,Olofström,1,89.1,473425.327118594,6228380.88991309
10,Blekinge län,1060,Olofström,1,89.1,472053.60534309,6231138.72927378
10,Blekinge län,1060,Olofström,1,89.1,468576.572570355,6230492.30763236
10,Blekinge län,1060,Olofström,1,89.1,465315.198298168,6231834.58842778
10,Blekinge län,1060,Olofström,1,89.1,464843.293106868,6236712.05892541
10,Blekinge län,1060,Olofström,1,89.1,463535.012607894,6240367.23556571
10,Blekinge län,1060,Olofström,1,89.1,462251.385644009,6244221.59448163
10,Blekinge län,1060,Olofström,1,89.1,463670.129899337,6249908.88456239
10,Blekinge län,1060,Olofström,1,89.1,467191.432043988,6250953.74696031
10,Blekinge län,1060,Olofström,1,89.1,470672.153880065,6257165.07203562
10,Blekinge län,1060,Olofström,1,89.1,475136.92302238,6256435.7490397
10,Blekinge län,1060,Olofström,1,89.1,479530.883029095,6250750.53647549
10,Blekinge län,1060,Olofström,1,89.1,483705.265763795,6240596.42927792
10,Blekinge län,1060,Olofström,1,89.1,484685.035370501,6234862.12090289
10,Blekinge län,1060,Olofström,1,89.1,482043.937122943,6234531.32389549
10,Blekinge län,1060,Olofström,1,89.1,480771.507188453,6232047.40840444
10,Blekinge län,1060,Olofström,1,89.1,477430.798846503,6228973.52484232
01,Stockholms län,0136,Haninge,1,9.1,690227.59580697,6563751.46438686
01,Stockholms län,0136,Haninge,1,9.1,691407.886813849,6563299.804078
01,Stockholms län,0136,Haninge,1,9.1,692340.071912264,6563934.98156749
01,Stockholms län,0136,Haninge,1,9.1,693084.610575191,6564294.93607295
01,Stockholms län,0136,Haninge,1,9.1,694929.931253136,6563668.34715473
01,Stockholms län,0136,Haninge,1,9.1,695747.666994442,6563929.20296362
01,Stockholms län,0136,Haninge,1,9.1,696640.050363085,6564300.94641601
01,Stockholms län,0136,Haninge,1,9.1,697118.518851132,6563925.78216757
01,Stockholms län,0136,Haninge,1,9.1,695982.117781274,6561160.42177367
01,Stockholms län,0136,Haninge,1,9.1,695197.446181523,6560563.01589571
01,Stockholms län,0136,Haninge,1,9.1,694527.501797286,6560152.96807618
01,Stockholms län,0136,Haninge,1,9.1,693935.571788622,6560153.81181951
01,Stockholms län,0136,Haninge,1,9.1,693680.278854019,6560677.64697261
01,Stockholms län,0136,Haninge,1,9.1,693125.878419647,6560716.94200562
01,Stockholms län,0136,Haninge,1,9.1,691777.673947654,6559260.84414399
01,Stockholms län,0136,Haninge,1,9.1,691297.188435019,6559224.04787614
01,Stockholms län,0136,Haninge,1,9.1,690446.390777455,6559299.74864754
01,Stockholms län,0136,Haninge,1,9.1,689702.00920181,6558926.8020891
01,Stockholms län,0136,Haninge,1,9.1,687989.620799802,6558069.22466719
01,Stockholms län,0136,Haninge,1,9.1,687196.697343457,6556500.87710085
01,Stockholms län,0136,Haninge,1,9.1,689830.207531012,6556757.66887101
01,Stockholms län,0136,Haninge,1,9.1,690007.226052461,6556009.91189002
01,Stockholms län,0136,Haninge,1,9.1,689073.184991809,6555113.75741873
01,Stockholms län,0136,Haninge,1,9.1,686323.184524496,6554071.67227788
01,Stockholms län,0136,Haninge,1,9.1,684982.400749185,6553325.58000581
01,Stockholms län,0136,Haninge,1,9.1,684195.248925665,6552354.22292515
01,Stockholms län,0136,Haninge,1,9.1,683527.049567704,6552131.18537747
01,Stockholms län,0136,Haninge,1,9.1,683346.195583225,6552617.91860073
01,Stockholms län,0136,Haninge,1,9.1,683316.615446872,6553328.45447083
01,Stockholms län,0136,Haninge,1,9.1,684212.552351433,6554150.15553122
01,Stockholms län,0136,Haninge,1,9.1,684771.517530918,6554559.85293721
01,Stockholms län,0136,Haninge,1,9.1,684923.972911627,6554933.64111122
01,Stockholms län,0136,Haninge,1,9.1,684446.704433327,6555458.79013542
01,Stockholms län,0136,Haninge,1,9.1,684824.070356322,6556168.24468287
01,Stockholms län,0136,Haninge,1,9.1,685420.472214148,6556541.3983932
01,Stockholms län,0136,Haninge,1,9.1,685976.048726432,6556652.09572678
01,Stockholms län,0136,Haninge,1,9.1,686499.751337991,6557249.33766102
01,Stockholms län,0136,Haninge,1,9.1,686430.886548947,6557735.43500387
01,Stockholms län,0136,Haninge,1,9.1,685879.531432475,6558185.70256893
01,Stockholms län,0136,Haninge,1,9.1,684580.402622096,6557964.03413697
01,Stockholms län,0136,Haninge,1,9.1,683836.464114047,6557554.09906456
01,Stockholms län,0136,Haninge,1,9.1,683383.826366106,6556619.76986508
01,Stockholms län,0136,Haninge,1,9.1,683860.185092242,6556170.59614747
01,Stockholms län,0136,Haninge,1,9.1,683632.903757002,6555534.94116832
01,Stockholms län,0136,Haninge,1,9.1,682661.519637652,6554751.32511204
01,Stockholms län,0136,Haninge,1,9.1,680058.436810526,6553633.0395002
01,Stockholms län,0136,Haninge,1,9.1,679758.790771417,6553110.50574217
01,Stockholms län,0136,Haninge,1,9.1,678160.32816178,6552590.27166571
01,Stockholms län,0136,Haninge,1,9.1,677746.534998766,6551916.38140569
01,Stockholms län,0136,Haninge,1,9.1,677439.577411721,6550757.85735275
01,Stockholms län,0136,Haninge,1,9.1,676770.272498104,6550460.81489776
01,Stockholms län,0136,Haninge,1,9.1,675435.721748454,6550275.72984156
01,Stockholms län,0136,Haninge,1,9.1,674469.373417112,6549903.11662887
01,Stockholms län,0136,Haninge,1,9.1,674126.615107558,6548894.13382704
01,Stockholms län,0136,Haninge,1,9.1,674080.373290401,6547921.73948351
01,Stockholms län,0136,Haninge,1,9.1,673667.10536755,6547286.84784936
01,Stockholms län,0136,Haninge,1,9.1,673002.59367748,6547586.77101653
01,Stockholms län,0136,Haninge,1,9.1,672826.869285757,6548559.4936935
01,Stockholms län,0136,Haninge,1,9.1,672099.619589206,6548672.69262937
01,Stockholms län,0136,Haninge,1,9.1,671796.439234076,6549271.93420545
01,Stockholms län,0136,Haninge,1,9.1,669875.48343675,6549873.62675469
01,Stockholms län,0136,Haninge,1,9.1,669440.339432573,6550885.20894076
01,Stockholms län,0136,Haninge,1,9.1,669342.198070616,6552305.7875677
01,Stockholms län,0136,Haninge,1,9.1,669905.726598316,6553164.44545336
01,Stockholms län,0136,Haninge,1,9.1,670584.255506016,6554435.43075604
01,Stockholms län,0136,Haninge,1,9.1,670703.491845308,6555407.71347453
01,Stockholms län,0136,Haninge,1,9.1,670187.197219114,6555521.45558913
01,Stockholms län,0136,Haninge,1,9.1,670052.250223795,6557091.56783004
01,Stockholms län,0136,Haninge,1,9.1,668832.163917847,6557280.78691549
01,Stockholms län,0136,Haninge,1,9.1,668123.060797407,6556720.31352827
01,Stockholms län,0136,Haninge,1,9.1,667499.458614665,6557357.66383541
01,Stockholms län,0136,Haninge,1,9.1,667195.963834495,6557981.89330946
01,Stockholms län,0136,Haninge,1,9.1,666923.387698711,6559191.38658197
01,Stockholms län,0136,Haninge,1,9.1,670330.938725492,6561828.14364316
01,Stockholms län,0136,Haninge,1,9.1,671390.157604448,6561465.00941834
01,Stockholms län,0136,Haninge,1,9.1,672382.414245397,6560603.15387803
01,Stockholms län,0136,Haninge,1,9.1,673527.955658307,6560377.04038509
01,Stockholms län,0136,Haninge,1,9.1,674682.753432087,6561122.88455061
01,Stockholms län,0136,Haninge,1,9.1,676092.393009396,6561381.88813345
01,Stockholms län,0136,Haninge,1,9.1,676803.146978832,6562054.37212172
01,Stockholms län,0136,Haninge,1,9.1,676622.847809476,6562578.1034951
01,Stockholms län,0136,Haninge,1,9.1,677482.420748536,6563511.35948912
01,Stockholms län,0136,Haninge,1,9.1,676862.933513125,6564634.6855765805
01,Stockholms län,0136,Haninge,1,9.1,677054.773201096,6565306.89648928
01,Stockholms län,0136,Haninge,1,9.1,681440.195172745,6568191.50112667
01,Stockholms län,0136,Haninge,1,9.1,683088.608388924,6568962.32293963
01,Stockholms län,0136,Haninge,1,9.1,684499.252398088,6569222.35381394
01,Stockholms län,0136,Haninge,1,9.1,686044.727726114,6568172.21981656
01,Stockholms län,0136,Haninge,1,9.1,687845.701557744,6566747.21594308
01,Stockholms län,0136,Haninge,1,9.1,688391.103900161,6565549.98601362
01,Stockholms län,0136,Haninge,1,9.1,689310.591177573,6564837.21007062
01,Stockholms län,0136,Haninge,1,9.1,690227.59580697,6563751.46438686
01,Stockholms län,0136,Haninge,2,9.2,695547.936847448,6546201.22998871
01,Stockholms län,0136,Haninge,2,9.2,694882.012504265,6546202.17967349
01,Stockholms län,0136,Haninge,2,9.2,694482.771899705,6547138.22971456
01,Stockholms län,0136,Haninge,2,9.2,693107.260205402,6546616.69905218
01,Stockholms län,0136,Haninge,2,9.2,692002.254850611,6547292.25925815
01,Stockholms län,0136,Haninge,2,9.2,691716.938236595,6548563.6326617
01,Stockholms län,0136,Haninge,2,9.2,692205.743164442,6549236.43824343
01,Stockholms län,0136,Haninge,2,9.2,692729.362241508,6549758.69334044
01,Stockholms län,0136,Haninge,2,9.2,692992.358089232,6550169.80723343
01,Stockholms län,0136,Haninge,2,9.2,692809.874124798,6550543.55258713
01,Stockholms län,0136,Haninge,2,9.2,692068.21352688,6550358.62462959
01,Stockholms län,0136,Haninge,2,9.2,691849.909159858,6550882.90843996
01,Stockholms län,0136,Haninge,2,9.2,693425.964871899,6553011.65004427
01,Stockholms län,0136,Haninge,2,9.2,693355.014416834,6553422.73046542
01,Stockholms län,0136,Haninge,2,9.2,692874.803377403,6553610.90821705
01,Stockholms län,0136,Haninge,2,9.2,693137.258588536,6553984.02882656
01,Stockholms län,0136,Haninge,2,9.2,695406.880157244,6555065.30542524
01,Stockholms län,0136,Haninge,2,9.2,698328.601012319,6558613.13769254
01,Stockholms län,0136,Haninge,2,9.2,698404.77312658,6558763.03112927
01,Stockholms län,0136,Haninge,2,9.2,699568.222100594,6556479.40376288
01,Stockholms län,0136,Haninge,2,9.2,699225.921709654,6555432.4069998
01,Stockholms län,0136,Haninge,2,9.2,697917.979140354,6554200.76205304
01,Stockholms län,0136,Haninge,2,9.2,697905.060230734,6552704.80973013
01,Stockholms län,0136,Haninge,2,9.2,696445.758707851,6551173.38748196
01,Stockholms län,0136,Haninge,2,9.2,696150.035070569,6547097.37385369
01,Stockholms län,0136,Haninge,2,9.2,695547.936847448,6546201.22998871
01,Stockholms län,0136,Haninge,3,9.3,685445.130480802,6535035.89599067
01,Stockholms län,0136,Haninge,3,9.3,683890.512784076,6535189.12609167
01,Stockholms län,0136,Haninge,3,9.3,683824.155399918,6536048.19010677
01,Stockholms län,0136,Haninge,3,9.3,683494.781719887,6536498.14789027
01,Stockholms län,0136,Haninge,3,9.3,682597.716878381,6535602.46636942
01,Stockholms län,0136,Haninge,3,9.3,681741.151814686,6535080.21005245
01,Stockholms län,0136,Haninge,3,9.3,681221.031398756,6534930.95709392
01,Stockholms län,0136,Haninge,3,9.3,681155.749776737,6535867.02628118
01,Stockholms län,0136,Haninge,3,9.3,682500.697255088,6537098.06700782
01,Stockholms län,0136,Haninge,3,9.3,684068.145514384,6538366.78345273
01,Stockholms län,0136,Haninge,3,9.3,684702.74945449806,6538889.36633293
01,Stockholms län,0136,Haninge,3,9.3,688092.141797531,6541052.95034884
01,Stockholms län,0136,Haninge,3,9.3,689127.617265059,6540752.48394898
01,Stockholms län,0136,Haninge,3,9.3,690953.960365906,6541945.35553894
01,Stockholms län,0136,Haninge,3,9.3,691553.492897048,6542805.47290567
01,Stockholms län,0136,Haninge,3,9.3,692225.09369755,6543327.51010705
01,Stockholms län,0136,Haninge,3,9.3,692666.556849579,6542952.88936652
01,Stockholms län,0136,Haninge,3,9.3,692655.012125159,6541754.91582473
01,Stockholms län,0136,Haninge,3,9.3,692131.283108881,6541158.67818399
01,Stockholms län,0136,Haninge,3,9.3,689226.420193865,6539441.87326147
01,Stockholms län,0136,Haninge,3,9.3,688810.831943659,6538583.97957276
01,Stockholms län,0136,Haninge,3,9.3,689693.941176026,6537983.7192093
01,Stockholms län,0136,Haninge,3,9.3,690318.004398962,6537308.3469196
01,Stockholms län,0136,Haninge,3,9.3,688494.397924956,6536302.497583
01,Stockholms län,0136,Haninge,3,9.3,687347.2844713,6536491.62917984
01,Stockholms län,0136,Haninge,3,9.3,686640.883163903,6536119.16111435
01,Stockholms län,0136,Haninge,3,9.3,686151.531337256,6535408.36265997
01,Stockholms län,0136,Haninge,3,9.3,685445.130480802,6535035.89599067
01,Stockholms län,0136,Haninge,4,9.4,676682.895652607,6540885.28016006
01,Stockholms län,0136,Haninge,4,9.4,675828.070909091,6540551.01950271
01,Stockholms län,0136,Haninge,4,9.4,675458.314393839,6540701.53649623
01,Stockholms län,0136,Haninge,4,9.4,675762.888994414,6541561.06812179
01,Stockholms län,0136,Haninge,4,9.4,675589.026743132,6542794.77825896
01,Stockholms län,0136,Haninge,4,9.4,675741.128443063,6543281.52793632
01,Stockholms län,0136,Haninge,4,9.4,676975.60236964,6544551.23560417
01,Stockholms län,0136,Haninge,4,9.4,677055.924485945,6545186.09903963
01,Stockholms län,0136,Haninge,4,9.4,676878.652902515,6546121.81073223
01,Stockholms län,0136,Haninge,4,9.4,676880.407170314,6546307.80834215
01,Stockholms län,0136,Haninge,4,9.4,677369.39924761,6547130.58258161
01,Stockholms län,0136,Haninge,4,9.4,678002.150422594,6547391.18398214
01,Stockholms län,0136,Haninge,4,9.4,679853.350846986,6547350.53954651
01,Stockholms län,0136,Haninge,4,9.4,681416.85714168,6548282.27523514
01,Stockholms län,0136,Haninge,4,9.4,683266.584634209,6547867.67948785
01,Stockholms län,0136,Haninge,4,9.4,683970.041546392,6547904.17163554
01,Stockholms län,0136,Haninge,4,9.4,683742.194818758,6547231.51414583
01,Stockholms län,0136,Haninge,4,9.4,682959.712559442,6546784.13549773
01,Stockholms län,0136,Haninge,4,9.4,682106.730970933,6546710.85139799
01,Stockholms län,0136,Haninge,4,9.4,681617.631449201,6545814.07659901
01,Stockholms län,0136,Haninge,4,9.4,681720.464988699,6544915.45871051
01,Stockholms län,0136,Haninge,4,9.4,681344.914334563,6544468.99536042
01,Stockholms län,0136,Haninge,4,9.4,680681.395374961,6544768.93514107
01,Stockholms län,0136,Haninge,4,9.4,680157.687354696,6544171.70437147
01,Stockholms län,0136,Haninge,4,9.4,680334.51119709,6543272.980814
01,Stockholms län,0136,Haninge,4,9.4,681062.666056572,6541924.98152576
01,Stockholms län,0136,Haninge,4,9.4,680428.521179005,6541365.40680969
01,Stockholms län,0136,Haninge,4,9.4,679426.353164045,6541143.34826958
01,Stockholms län,0136,Haninge,4,9.4,678837.460944076,6541556.18258555
01,Stockholms län,0136,Haninge,4,9.4,678622.663541906,6542453.44680333
01,Stockholms län,0136,Haninge,4,9.4,678145.76318258,6542865.62160356
01,Stockholms län,0136,Haninge,4,9.4,677586.909505021,6542529.93067815
01,Stockholms län,0136,Haninge,4,9.4,677206.498910956,6541408.52071676
01,Stockholms län,0136,Haninge,4,9.4,676682.895652607,6540885.28016006
10,Blekinge län,1080,Karlskrona,1,90.1,523876.165827746,6237651.97754473
10,Blekinge län,1080,Karlskrona,1,90.1,521968.452598748,6244085.44940232
10,Blekinge län,1080,Karlskrona,1,90.1,518065.780333818,6246902.74119535
10,Blekinge län,1080,Karlskrona,1,90.1,519846.092548436,6248530.04756522
10,Blekinge län,1080,Karlskrona,1,90.1,519333.975432115,6251199.1254741
10,Blekinge län,1080,Karlskrona,1,90.1,523893.942025349,6250727.76162617
10,Blekinge län,1080,Karlskrona,1,90.1,526700.97270627,6256271.82230954
10,Blekinge län,1080,Karlskrona,1,90.1,530380.645991366,6255087.37960277
10,Blekinge län,1080,Karlskrona,1,90.1,529628.902272071,6259858.98067658
10,Blekinge län,1080,Karlskrona,1,90.1,530297.408469889,6263545.6146114
10,Blekinge län,1080,Karlskrona,1,90.1,534726.510930937,6261880.16128022
10,Blekinge län,1080,Karlskrona,1,90.1,536363.737595185,6258492.47262061
10,Blekinge län,1080,Karlskrona,1,90.1,539380.710778128,6258582.84245773
10,Blekinge län,1080,Karlskrona,1,90.1,540405.899339331,6255726.78542676
10,Blekinge län,1080,Karlskrona,1,90.1,541770.581896992,6252903.68500762
10,Blekinge län,1080,Karlskrona,1,90.1,545075.618023028,6251958.74740294
10,Blekinge län,1080,Karlskrona,1,90.1,549076.771239506,6244503.9578031
10,Blekinge län,1080,Karlskrona,1,90.1,552626.553186073,6242125.26682317
10,Blekinge län,1080,Karlskrona,1,90.1,558484.107612639,6242525.77610838
10,Blekinge län,1080,Karlskrona,1,90.1,561086.352517434,6240646.80847148
10,Blekinge län,1080,Karlskrona,1,90.1,565045.720328302,6242651.60410425
10,Blekinge län,1080,Karlskrona,1,90.1,562643.296953775,6232840.31611071
10,Blekinge län,1080,Karlskrona,1,90.1,559287.958035946,6225944.08606972
10,Blekinge län,1080,Karlskrona,1,90.1,556670.446493658,6224002.05063474
10,Blekinge län,1080,Karlskrona,1,90.1,552966.191240452,6215734.23996909
10,Blekinge län,1080,Karlskrona,1,90.1,548950.951444486,6219368.21849893
10,Blekinge län,1080,Karlskrona,1,90.1,544222.678533393,6216436.88346179
10,Blekinge län,1080,Karlskrona,1,90.1,541314.037710683,6217340.61433822
10,Blekinge län,1080,Karlskrona,1,90.1,545137.077218316,6221170.08101843
10,Blekinge län,1080,Karlskrona,1,90.1,546099.948869578,6224491.30517003
10,Blekinge län,1080,Karlskrona,1,90.1,542989.929749374,6227227.07410362
10,Blekinge län,1080,Karlskrona,1,90.1,536847.64246081,6226050.61517596
10,Blekinge län,1080,Karlskrona,1,90.1,534796.717001722,6227469.16119367
10,Blekinge län,1080,Karlskrona,1,90.1,530754.900725588,6225942.39139925
10,Blekinge län,1080,Karlskrona,1,90.1,529657.451713533,6231824.60103455
10,Blekinge län,1080,Karlskrona,1,90.1,528882.232072355,6233915.83372565
10,Blekinge län,1080,Karlskrona,1,90.1,529758.389817575,6236440.25809622
10,Blekinge län,1080,Karlskrona,1,90.1,528082.135069596,6237619.24194204
10,Blekinge län,1080,Karlskrona,1,90.1,523876.165827746,6237651.97754473
10,Blekinge län,1081,Ronneby,1,91.1,501154.835453238,6257301.71414515
10,Blekinge län,1081,Ronneby,1,91.1,507783.035150976,6257421.45144726
10,Blekinge län,1081,Ronneby,1,91.1,508315.817614967,6254951.58314395
10,Blekinge län,1081,Ronneby,1,91.1,511928.185986474,6254981.94873826
10,Blekinge län,1081,Ronneby,1,91.1,512450.23340466,6257945.03308805
10,Blekinge län,1081,Ronneby,1,91.1,515462.862023867,6259846.7229619
10,Blekinge län,1081,Ronneby,1,91.1,518219.851155426,6257550.87427447
10,Blekinge län,1081,Ronneby,1,91.1,520658.561272628,6260315.54930936
10,Blekinge län,1081,Ronneby,1,91.1,524487.634320535,6261732.01256066
10,Blekinge län,1081,Ronneby,1,91.1,529628.902272071,6259858.98067658
10,Blekinge län,1081,Ronneby,1,91.1,530380.645991366,6255087.37960277
10,Blekinge län,1081,Ronneby,1,91.1,526700.97270627,6256271.82230954
10,Blekinge län,1081,Ronneby,1,91.1,523893.942025349,6250727.76162617
10,Blekinge län,1081,Ronneby,1,91.1,519333.975432115,6251199.1254741
10,Blekinge län,1081,Ronneby,1,91.1,519846.092548436,6248530.04756522
10,Blekinge län,1081,Ronneby,1,91.1,518065.780333818,6246902.74119535
10,Blekinge län,1081,Ronneby,1,91.1,521968.452598748,6244085.44940232
10,Blekinge län,1081,Ronneby,1,91.1,523876.165827746,6237651.97754473
10,Blekinge län,1081,Ronneby,1,91.1,528082.135069596,6237619.24194204
10,Blekinge län,1081,Ronneby,1,91.1,529758.389817575,6236440.25809622
10,Blekinge län,1081,Ronneby,1,91.1,528882.232072355,6233915.83372565
10,Blekinge län,1081,Ronneby,1,91.1,529657.451713533,6231824.60103455
10,Blekinge län,1081,Ronneby,1,91.1,530754.900725588,6225942.39139925
10,Blekinge län,1081,Ronneby,1,91.1,528353.163248225,6223508.1076686
10,Blekinge län,1081,Ronneby,1,91.1,525484.705427515,6226622.51961095
10,Blekinge län,1081,Ronneby,1,91.1,523970.679574137,6223760.78679986
10,Blekinge län,1081,Ronneby,1,91.1,519702.913055883,6221384.70305013
10,Blekinge län,1081,Ronneby,1,91.1,518218.522595269,6226165.69880385
10,Blekinge län,1081,Ronneby,1,91.1,515709.473630873,6225218.68525177
10,Blekinge län,1081,Ronneby,1,91.1,510184.572687493,6224179.43929269
10,Blekinge län,1081,Ronneby,1,91.1,506000.365390581,6224410.42177329
10,Blekinge län,1081,Ronneby,1,91.1,503741.000434801,6226991.06627235
10,Blekinge län,1081,Ronneby,1,91.1,502763.217602016,6235206.63880392
10,Blekinge län,1081,Ronneby,1,91.1,500734.011605935,6236825.28920803
10,Blekinge län,1081,Ronneby,1,91.1,502110.554300785,6242114.47795001
10,Blekinge län,1081,Ronneby,1,91.1,500957.443815761,6246256.4467549
10,Blekinge län,1081,Ronneby,1,91.1,497282.133274451,6245630.60120332
10,Blekinge län,1081,Ronneby,1,91.1,495079.483592702,6248741.62249709
10,Blekinge län,1081,Ronneby,1,91.1,497879.115867055,6254823.1934448
10,Blekinge län,1081,Ronneby,1,91.1,501154.835453238,6257301.71414515
10,Blekinge län,1082,Karlshamn,1,92.1,477430.798846503,6228973.52484232
10,Blekinge län,1082,Karlshamn,1,92.1,480771.507188453,6232047.40840444
10,Blekinge län,1082,Karlshamn,1,92.1,482043.937122943,6234531.32389549
10,Blekinge län,1082,Karlshamn,1,92.1,484685.035370501,6234862.12090289
10,Blekinge län,1082,Karlshamn,1,92.1,483705.265763795,6240596.42927792
10,Blekinge län,1082,Karlshamn,1,92.1,479530.883029095,6250750.53647549
10,Blekinge län,1082,Karlshamn,1,92.1,482080.188960902,6249615.87387943
10,Blekinge län,1082,Karlshamn,1,92.1,487784.61266602,6248624.13888258
10,Blekinge län,1082,Karlshamn,1,92.1,492567.455811223,6246521.00993226
10,Blekinge län,1082,Karlshamn,1,92.1,495079.483592702,6248741.62249709
10,Blekinge län,1082,Karlshamn,1,92.1,497282.133274451,6245630.60120332
10,Blekinge län,1082,Karlshamn,1,92.1,500957.443815761,6246256.4467549
10,Blekinge län,1082,Karlshamn,1,92.1,502110.554300785,6242114.47795001
10,Blekinge län,1082,Karlshamn,1,92.1,500734.011605935,6236825.28920803
10,Blekinge län,1082,Karlshamn,1,92.1,502763.217602016,6235206.63880392
10,Blekinge län,1082,Karlshamn,1,92.1,503741.000434801,6226991.06627235
10,Blekinge län,1082,Karlshamn,1,92.1,501376.506023007,6224285.40041449
10,Blekinge län,1082,Karlshamn,1,92.1,496950.857626136,6224138.70374687
10,Blekinge län,1082,Karlshamn,1,92.1,490697.402124259,6223779.70842051
10,Blekinge län,1082,Karlshamn,1,92.1,486008.643703443,6223057.16122236
10,Blekinge län,1082,Karlshamn,1,92.1,483410.858172837,6223124.75791383
10,Blekinge län,1082,Karlshamn,1,92.1,480083.443482305,6223870.5548553
10,Blekinge län,1082,Karlshamn,1,92.1,477430.798846503,6228973.52484232
10,Blekinge län,1083,Sölvesborg,1,93.1,477430.798846503,6228973.52484232
10,Blekinge län,1083,Sölvesborg,1,93.1,480083.443482305,6223870.5548553
10,Blekinge län,1083,Sölvesborg,1,93.1,480379.769741516,6219213.84787309
10,Blekinge län,1083,Sölvesborg,1,93.1,482636.043150618,6214151.19670114
10,Blekinge län,1083,Sölvesborg,1,93.1,486409.415614961,6210140.82425132
10,Blekinge län,1083,Sölvesborg,1,93.1,482960.2667105,6206071.12920738
10,Blekinge län,1083,Sölvesborg,1,93.1,478974.362220086,6206282.52436891
10,Blekinge län,1083,Sölvesborg,1,93.1,475557.151481677,6208043.93925011
10,Blekinge län,1083,Sölvesborg,1,93.1,471698.164518597,6211258.58907801
10,Blekinge län,1083,Sölvesborg,1,93.1,472242.995237634,6214421.67879083
10,Blekinge län,1083,Sölvesborg,1,93.1,474772.578842481,6215568.76832784
10,Blekinge län,1083,Sölvesborg,1,93.1,473425.327118594,6228380.88991309
10,Blekinge län,1083,Sölvesborg,1,93.1,477430.798846503,6228973.52484232
12,Skåne län,1214,Svalöv,1,94.1,386971.949080576,6196594.38982075
12,Skåne län,1214,Svalöv,1,94.1,385003.202630886,6197001.2137984
12,Skåne län,1214,Svalöv,1,94.1,383018.950632042,6195395.89583951
12,Skåne län,1214,Svalöv,1,94.1,382940.435817054,6192785.31804456
12,Skåne län,1214,Svalöv,1,94.1,384027.930277555,6191665.57542646
12,Skåne län,1214,Svalöv,1,94.1,383265.958458337,6189723.68369657
12,Skåne län,1214,Svalöv,1,94.1,377757.827528722,6190922.85190469
12,Skåne län,1214,Svalöv,1,94.1,377032.271105467,6194004.79134369
12,Skåne län,1214,Svalöv,1,94.1,375930.248393848,6193112.40044414
12,Skåne län,1214,Svalöv,1,94.1,373848.078343032,6194335.48458851
12,Skåne län,1214,Svalöv,1,94.1,374521.993801365,6196884.00594248
12,Skåne län,1214,Svalöv,1,94.1,371769.977940777,6199838.33887199
12,Skåne län,1214,Svalöv,1,94.1,372106.720522531,6202244.0068667
12,Skåne län,1214,Svalöv,1,94.1,374019.93851871,6203252.80446136
12,Skåne län,1214,Svalöv,1,94.1,374235.562149365,6205844.96516997
12,Skåne län,1214,Svalöv,1,94.1,377137.350977584,6207959.74680888
12,Skåne län,1214,Svalöv,1,94.1,376664.642742767,6212834.69599266
12,Skåne län,1214,Svalöv,1,94.1,379482.783447047,6216633.65577533
12,Skåne län,1214,Svalöv,1,94.1,381805.649126263,6218338.93710921
12,Skåne län,1214,Svalöv,1,94.1,385619.828216767,6215932.75656079
12,Skåne län,1214,Svalöv,1,94.1,387324.740457272,6211331.02298633
12,Skåne län,1214,Svalöv,1,94.1,389595.072949453,6210091.16399899
12,Skåne län,1214,Svalöv,1,94.1,391663.141410635,6210681.03364114
12,Skåne län,1214,Svalöv,1,94.1,395846.746886747,6210450.01596426
12,Skåne län,1214,Svalöv,1,94.1,396544.612551393,6208890.93716766
12,Skåne län,1214,Svalöv,1,94.1,392831.902925772,6202429.81187202
12,Skåne län,1214,Svalöv,1,94.1,393420.965821159,6198542.63918662
12,Skåne län,1214,Svalöv,1,94.1,390172.708839054,6198275.87747077
12,Skåne län,1214,Svalöv,1,94.1,386971.949080576,6196594.38982075
12,Skåne län,1230,Staffanstorp,1,95.1,391601.900590462,6172705.42798273
12,Skåne län,1230,Staffanstorp,1,95.1,393981.042000089,6168206.35738013
12,Skåne län,1230,Staffanstorp,1,95.1,396016.965813403,6166834.71824475
12,Skåne län,1230,Staffanstorp,1,95.1,396267.854033033,6164769.66866918
12,Skåne län,1230,Staffanstorp,1,95.1,394957.223487613,6164191.72424841
12,Skåne län,1230,Staffanstorp,1,95.1,393919.618275616,6165321.09400129
12,Skåne län,1230,Staffanstorp,1,95.1,393133.267707132,6163578.83019148
12,Skåne län,1230,Staffanstorp,1,95.1,391555.635423316,6165163.68989669
12,Skåne län,1230,Staffanstorp,1,95.1,390325.017901615,6165528.20133385
12,Skåne län,1230,Staffanstorp,1,95.1,388771.930673226,6164657.58481952
12,Skåne län,1230,Staffanstorp,1,95.1,386360.798816922,6165032.36834047
12,Skåne län,1230,Staffanstorp,1,95.1,385682.8309834,6163683.17286672
12,Skåne län,1230,Staffanstorp,1,95.1,383201.469009908,6163566.39232789
12,Skåne län,1230,Staffanstorp,1,95.1,382167.054702765,6164851.7054561
12,Skåne län,1230,Staffanstorp,1,95.1,382595.876967614,6165536.33564006
12,Skåne län,1230,Staffanstorp,1,95.1,380836.134204564,6166022.62754117
12,Skåne län,1230,Staffanstorp,1,95.1,380265.097040687,6166911.52350741
12,Skåne län,1230,Staffanstorp,1,95.1,380860.103406733,6167142.32195634
12,Skåne län,1230,Staffanstorp,1,95.1,381744.736304354,6167134.61130258
12,Skåne län,1230,Staffanstorp,1,95.1,383257.235629213,6168830.32951397
12,Skåne län,1230,Staffanstorp,1,95.1,381670.501328781,6170081.2271133
12,Skåne län,1230,Staffanstorp,1,95.1,381865.571506992,6172731.12405059
12,Skåne län,1230,Staffanstorp,1,95.1,381178.876495616,6173680.64488331
12,Skåne län,1230,Staffanstorp,1,95.1,381573.841001469,6174697.72203312
12,Skåne län,1230,Staffanstorp,1,95.1,383447.847819929,6174957.39809116
12,Skåne län,1230,Staffanstorp,1,95.1,385157.375690771,6172172.72009628
12,Skåne län,1230,Staffanstorp,1,95.1,387129.857456721,6173334.07402485
12,Skåne län,1230,Staffanstorp,1,95.1,387627.160571886,6171738.67600698
12,Skåne län,1230,Staffanstorp,1,95.1,391601.900590462,6172705.42798273
12,Skåne län,1231,Burlöv,1,96.1,382167.054702765,6164851.7054561
12,Skåne län,1231,Burlöv,1,96.1,381568.318486457,6164425.96921409
12,Skåne län,1231,Burlöv,1,96.1,379738.764499171,6164382.7210667
12,Skåne län,1231,Burlöv,1,96.1,378651.729722376,6165983.24847616
12,Skåne län,1231,Burlöv,1,96.1,377518.990245408,6167301.39345758
12,Skåne län,1231,Burlöv,1,96.1,377465.317986368,6168479.1451161
12,Skåne län,1231,Burlöv,1,96.1,380307.76915272,6168914.98198308
12,Skåne län,1231,Burlöv,1,96.1,380208.213084934,6169741.39623047
12,Skåne län,1231,Burlöv,1,96.1,380749.511719208,6170207.45040162
12,Skåne län,1231,Burlöv,1,96.1,381670.501328781,6170081.2271133
12,Skåne län,1231,Burlöv,1,96.1,383257.235629213,6168830.32951397
12,Skåne län,1231,Burlöv,1,96.1,381744.736304354,6167134.61130258
12,Skåne län,1231,Burlöv,1,96.1,380860.103406733,6167142.32195634
12,Skåne län,1231,Burlöv,1,96.1,380265.097040687,6166911.52350741
12,Skåne län,1231,Burlöv,1,96.1,380836.134204564,6166022.62754117
12,Skåne län,1231,Burlöv,1,96.1,382595.876967614,6165536.33564006
12,Skåne län,1231,Burlöv,1,96.1,382167.054702765,6164851.7054561
12,Skåne län,1233,Vellinge,1,97.1,369934.464449521,6143841.68183227
12,Skåne län,1233,Vellinge,1,97.1,370814.704386271,6146366.54468255
12,Skåne län,1233,Vellinge,1,97.1,371050.834552696,6149015.87288961
12,Skåne län,1233,Vellinge,1,97.1,370503.19085789,6150905.51356002
12,Skåne län,1233,Vellinge,1,97.1,369692.265776747,6152917.03057218
12,Skåne län,1233,Vellinge,1,97.1,376558.031588131,6153744.31061953
12,Skåne län,1233,Vellinge,1,97.1,377174.39524432,6154976.8275666
12,Skåne län,1233,Vellinge,1,97.1,380441.428605843,6155085.7085113
12,Skåne län,1233,Vellinge,1,97.1,382515.986068706,6150982.92842262
12,Skåne län,1233,Vellinge,1,97.1,384339.973519763,6150731.22771493
12,Skåne län,1233,Vellinge,1,97.1,383990.644102033,6150085.51050392
12,Skåne län,1233,Vellinge,1,97.1,383651.464332843,6148910.17943424
12,Skåne län,1233,Vellinge,1,97.1,381842.732287157,6147158.08744146
12,Skåne län,1233,Vellinge,1,97.1,379802.27167534,6148236.85372044
12,Skåne län,1233,Vellinge,1,97.1,378443.519253089,6148190.10720343
12,Skåne län,1233,Vellinge,1,97.1,377798.738640506,6148372.53538042
12,Skåne län,1233,Vellinge,1,97.1,376673.266317613,6148205.55838307
12,Skåne län,1233,Vellinge,1,97.1,377074.388664323,6144901.9415464
12,Skåne län,1233,Vellinge,1,97.1,377758.100848701,6143775.46565228
12,Skåne län,1233,Vellinge,1,97.1,375972.042938003,6143085.11378699
12,Skåne län,1233,Vellinge,1,97.1,373994.857293876,6140172.71193131
12,Skåne län,1233,Vellinge,1,97.1,371715.308581175,6141704.46978242
12,Skåne län,1233,Vellinge,1,97.1,369821.2078724,6141368.68556373
12,Skåne län,1233,Vellinge,1,97.1,368864.440670328,6140788.90127427
12,Skåne län,1233,Vellinge,1,97.1,368551.144949465,6139966.70811703
12,Skåne län,1233,Vellinge,1,97.1,367489.603594772,6139976.38589888
12,Skåne län,1233,Vellinge,1,97.1,366626.027531626,6140927.86324021
12,Skåne län,1233,Vellinge,1,97.1,365394.160609137,6141232.42082884
12,Skåne län,1233,Vellinge,1,97.1,361649.489127143,6139912.70149975
12,Skåne län,1233,Vellinge,1,97.1,364864.51275283,6146657.34650117
12,Skåne län,1233,Vellinge,1,97.1,365261.22256356,6145888.36803912
12,Skåne län,1233,Vellinge,1,97.1,365798.015476559,6143467.89161374
12,Skåne län,1233,Vellinge,1,97.1,367728.709503185,6142801.6454036
12,Skåne län,1233,Vellinge,1,97.1,369138.836524021,6142553.14133633
12,Skåne län,1233,Vellinge,1,97.1,369934.464449521,6143841.68183227
12,Skåne län,1256,Östra Göinge,1,98.1,445950.036907676,6247314.20462395
12,Skåne län,1256,Östra Göinge,1,98.1,448577.068398043,6254888.75145033
12,Skåne län,1256,Östra Göinge,1,98.1,451412.971349277,6257009.1197356
12,Skåne län,1256,Östra Göinge,1,98.1,453420.426090917,6255193.45082475
12,Skåne län,1256,Östra Göinge,1,98.1,451303.22023526,6246761.20821358
12,Skåne län,1256,Östra Göinge,1,98.1,452585.238353864,6243812.48835607
12,Skåne län,1256,Östra Göinge,1,98.1,453482.930701035,6246535.85524817
12,Skåne län,1256,Östra Göinge,1,98.1,455552.124889547,6247126.86102828
12,Skåne län,1256,Östra Göinge,1,98.1,457273.787756811,6244535.12892497
12,Skåne län,1256,Östra Göinge,1,98.1,455450.275785964,6242510.61001498
12,Skåne län,1256,Östra Göinge,1,98.1,455677.528992325,6239066.73079766
12,Skåne län,1256,Östra Göinge,1,98.1,463535.012607894,6240367.23556571
12,Skåne län,1256,Östra Göinge,1,98.1,457508.46154781303,6237469.84913232
12,Skåne län,1256,Östra Göinge,1,98.1,455490.980993679,6233654.82798353
12,Skåne län,1256,Östra Göinge,1,98.1,453962.824720408,6226972.77345595
12,Skåne län,1256,Östra Göinge,1,98.1,450489.041476067,6224516.19103426
12,Skåne län,1256,Östra Göinge,1,98.1,447210.269161344,6223848.12805239
12,Skåne län,1256,Östra Göinge,1,98.1,445739.699572599,6221386.00075165
12,Skåne län,1256,Östra Göinge,1,98.1,438232.682568293,6223636.22667401
12,Skåne län,1256,Östra Göinge,1,98.1,437558.598420479,6227259.73226511
12,Skåne län,1256,Östra Göinge,1,98.1,436538.800210835,6230785.23173848
12,Skåne län,1256,Östra Göinge,1,98.1,437540.616474686,6236314.50213781
12,Skåne län,1256,Östra Göinge,1,98.1,437409.24716793,6242497.21598407
12,Skåne län,1256,Östra Göinge,1,98.1,443288.408093326,6246784.2382841
12,Skåne län,1256,Östra Göinge,1,98.1,445950.036907676,6247314.20462395
12,Skåne län,1257,Örkelljunga,1,99.1,388102.222291978,6229555.88648137
12,Skåne län,1257,Örkelljunga,1,99.1,383361.225610446,6233263.48885511
12,Skåne län,1257,Örkelljunga,1,99.1,383529.204755067,6237270.41292723
12,Skåne län,1257,Örkelljunga,1,99.1,388813.503768458,6244098.87677605
12,Skåne län,1257,Örkelljunga,1,99.1,391589.305970792,6246897.01475558
12,Skåne län,1257,Örkelljunga,1,99.1,395192.695698983,6250547.46881557
12,Skåne län,1257,Örkelljunga,1,99.1,399920.982012205,6253478.49479875
12,Skåne län,1257,Örkelljunga,1,99.1,402497.837741983,6253212.86486034
12,Skåne län,1257,Örkelljunga,1,99.1,404841.378604184,6255115.43314393
12,Skåne län,1257,Örkelljunga,1,99.1,407254.311375073,6252720.90318485
12,Skåne län,1257,Örkelljunga,1,99.1,412177.99299711,6252547.75203983
12,Skåne län,1257,Örkelljunga,1,99.1,411816.899011056,6250439.51702714
12,Skåne län,1257,Örkelljunga,1,99.1,407506.487773858,6247665.29732668
12,Skåne län,1257,Örkelljunga,1,99.1,407275.711851157,6241855.3782653
12,Skåne län,1257,Örkelljunga,1,99.1,406379.04816993,6239132.18114073
12,Skåne län,1257,Örkelljunga,1,99.1,404504.893134888,6240332.64646812
12,Skåne län,1257,Örkelljunga,1,99.1,402074.763908159,6237029.78156512
12,Skåne län,1257,Örkelljunga,1,99.1,397443.159055751,6238044.02929432
12,Skåne län,1257,Örkelljunga,1,99.1,392537.538506313,6231644.75265436
12,Skåne län,1257,Örkelljunga,1,99.1,389814.104505339,6232396.48666276
12,Skåne län,1257,Örkelljunga,1,99.1,388102.222291978,6229555.88648137
